1 0.8600362020286425 0.33161713941851756 0.12584337014004526 0.13565881917513148
1 0.7080755957423363 0.3281374547323212 0.2153468258882322 0.2242990471573682
1 0.5249377640631359 0.32748717113057463 0.14448636228216233 0.16932436477157883
1 0.168580756205253 0.34652443854752407 0.13951207195929077 0.2291638895004664
1 0.28086243238393543 0.33540109464350504 0.1760274607105857 0.1799662658560286
1 0.22732436352501662 0.2684163141226258 0.037358758891340216 0.06889359119289473
1 0.11777808147431265 0.4041131352284212 0.03521406203449331 0.056173996138672244
1 0.34130978081235885 0.3206966850559393 0.04942641935425689 0.12802366151822966
1 0.2690323664205007 0.3727659624959512 0.03790241439185813 0.04723818624711722
1 0.2132040514905233 0.32162577702929446 0.033142139784752264 0.04501690108444976
1 0.20288082754537123 0.3766300023004069 0.036412688998963993 0.048581091192894735
1 0.5632168600103599 0.35548124724790126 0.025329639784752445 0.04391892581333732
1 0.4758624092245716 0.36465357028436046 0.03739299214211726 0.03630068624711722
1 0.7957768029382655 0.29485617922297325 0.03717897642635144 0.09836149613867225
1 0.5705606331697237 0.2977912120852338 0.033360463606069854 0.049704401084449755
1 0.7731719028144308 0.3469296649278656 0.061558238213175895 0.05521961206045454
1 0.6267506670824545 0.37449305249766807 0.0561815334984459 0.0730912318435645
1 0.8892528211352303 0.3042269284425128 0.03328768899896417 0.048141901084449754
1 0.8439916710113959 0.35948454243363115 0.02674659057054072 0.041013520867559806
1 0.9050019456185019 0.3493578353189542 0.02674659057054072 0.041013520867559806