1 0.5320501220622009 0.20499527727047012 0.13139535330540184 0.1391206522885387
1 0.5409560360371442 0.3620798882785835 0.21699024852354576 0.23718446100088605
1 0.5481399426600351 0.550661974974704 0.16445183234903044 0.16125766604868055
1 0.5417823334790353 0.9134239887348456 0.22300570551101728 0.16284924219295008
1 0.5489190599464239 0.8001815616708245 0.17398633970108293 0.19349756880070856
1 0.6179248340289283 0.8690916446951646 0.06767545808725757 0.044521503208290625
1 0.48591009708335414 0.9538185288746155 0.05501123271965511 0.04097919770423388
1 0.5614917365991248 0.7410152144228529 0.12647331029287337 0.06305310366455288
1 0.5119140950570069 0.8046458708466615 0.04596468345486038 0.04261934357619133
1 0.5651306437719086 0.8726436969909308 0.043909507352052304 0.03768436788818406
1 0.5104032669338955 0.8719182857546862 0.047362958087257566 0.0413043192641986
1 0.5187339395339019 0.5054974976825516 0.043088380514039314 0.02987186788818441
1 0.5126623189481553 0.5934924490585658 0.035027183454860375 0.04088701376014185
1 0.5711642939390895 0.27870206006667925 0.09719873271965511 0.047661041280425295
1 0.5762578656367097 0.5098428602948104 0.0485970073520523 0.03842679495220551
1 0.5198106141602555 0.29121907589445595 0.053115563968899514 0.0667992706402126
1 0.49742429228941065 0.4361991852984241 0.07120866249848916 0.06351897889629754
1 0.558443678679048 0.18058241259057645 0.0470345073520523 0.038179319264198465
1 0.504708731069976 0.2157556784183532 0.04012760588164195 0.030939416512170137
1 0.5126760204064782 0.15506565410636028 0.04012760588164195 0.030939416512170137