1 0.61484375 0.2125 0.14375 0.05625
1 0.58203125 0.3359375 0.14375 0.090625
1 0.7453125 0.15859375 0.109375 0.115625
1 0.5875 0.496875 0.1234375 0.0578125
1 0.50703125 0.6640625 0.134375 0.096875
1 0.5296875 0.7890625 0.0890625 0.078125
1 0.528125 0.93125 0.109375 0.1296875
1 0.73046875 0.52890625 0.15 0.25625
1 0.7390625 0.3015625 0.121875 0.153125
1 0.64921875 0.8125 0.115625 0.2140625
1 0.66875 0.240625 0.29375 0.290625
1 0.6265625 0.55546875 0.34375 0.278125
1 0.59375 0.83359375 0.275 0.2765625