1 0.8799231371981602 0.45356097025689956 0.058965637266032545 0.07639683485851698
1 0.7846502450429911 0.4335798005398656 0.07421210785717136 0.09631375998329546
1 0.8290737009111888 0.5303830792419666 0.16061612747541928 0.17064867637256426
1 0.6840582597474217 0.4336923323619358 0.08362671570200249 0.10798058818628213
1 0.5835454901415142 0.4116381329028112 0.09439036766012521 0.09203294613135941
1 0.63101473032005 0.5308998741673013 0.12779259807272858 0.22537698689673533
1 0.5222955146427284 0.4621474511225022 0.1423987010037422 0.16201290432599383
1 0.37435975484594486 0.4016130027033674 0.08076580883623281 0.08844933818628213
1 0.2865208332819148 0.36331942990812544 0.08002855394092619 0.13076169280359426
1 0.21450720582500615 0.3954013901827393 0.05609370099757198 0.11465707383523167
1 0.15701821072648298 0.3932022943009371 0.07148982844831045 0.11455323024120485
1 0.06930914209963694 0.3810546356071884 0.03832963236455571 0.07755264871045311
1 0.021547702185919865 0.311990681780309 0.04309540437183973 0.10361573024120485
1 0.046689117620018726 0.41883525561554064 0.09337823524003745 0.1315021322794232
1 0.12629200973508123 0.46239979097317185 0.12533002453823533 0.19278328535763123
1 0.29075723032622014 0.4587468847749946 0.2005303186453567 0.13276421277018535