1 0.13778604315572462 0.5696864419299414 0.1869315534704102 0.1110391107489285
1 0.13879615814231677 0.389581212021467 0.13053944183801275 0.12184991163073589
1 0.09612379499731002 0.8120765347918626 0.14547602698730663 0.13666113574056665
1 0.24220683731985543 0.8544825762809005 0.1424167289647781 0.09291113574056667
1 0.40435119426067584 0.6672011177699384 0.13024451089576328 0.0955442143096061
1 0.4418897630663248 0.7598822414221413 0.1371500747577338 0.1059464250250862
1 0.55582013115501 0.43379338336880685 0.11618201089576327 0.09323299019977523
1 0.425619542903623 0.5949734396418025 0.13725933540139543 0.1075089250250862
1 0.7558529821437457 0.4225408377945673 0.1915862024816745 0.13342771610666873
1 0.590157290305733 0.5501688096998798 0.2581395539746133 0.2679294152248616
1 0.46677941048810523 0.4260316887432711 0.2759826178365838 0.28012924469243233
1 0.29155517138386855 0.3806923981527647 0.2517910010084061 0.33175679647277095
1 0.27570167037546234 0.6736719901161544 0.24862244234221587 0.28644429647277114
1 0.46109907802431493 0.5260316887432712 0.9221981560486299 0.8563095001672416