1 0.12853734840513864 0.29858049429762656 0.04504104948690975 0.06006706029287336
1 0.06443717439319416 0.3607614795935218 0.04309734298989589 0.07700822224146942
1 0.15824237899034696 0.33459538896587765 0.04576774810013893 0.05780542297667468
1 0.11127515359163162 0.40092660330540164 0.12394860590767372 0.13538371598920307
1 0.20962238782406217 0.38150318878056544 0.05405302678548622 0.07893904981468776
1 0.3039731062889234 0.33189959815292125 0.05423486474138892 0.08675154981468776
1 0.3331689905976039 0.38978949282117237 0.05243662860909737 0.10994271176328389
1 0.19514035410472186 0.4653456358397444 0.06629910685760425 0.10282699007170741
1 0.2663984114754163 0.4321107773818623 0.13332425911805573 0.16988070551101747
1 0.564744339287083 0.5010599352777639 0.08532251700184049 0.15002808179913743
1 0.49759581971979133 0.3577322937356461 0.04822060087368065 0.06273926102807863
1 0.5506844521286108 0.3648784562341351 0.12360442021222244 0.18756324062160043
1 0.6672907238801039 0.3685194961205303 0.0717139586812154 0.13456966617451532
1 0.8409827970183678 0.37581101192442107 0.10863273043270852 0.14702271231317682
1 0.7218846920606247 0.5128770847218271 0.21651861882545162 0.1949908999939563
1 0.9489037465815275 0.41613092497280313 0.09055487765916652 0.14044662058574672
1 0.9196136772429856 0.5305265937235586 0.14409810495774308 0.16399903308423588