1 0.8279266762490736 0.3077968848918222 0.11593664976444415 0.08073210085908258
1 0.7665974884546289 0.39790290648854826 0.10097603110277778 0.05195200361804471
1 0.41058405989648117 0.1863833938253921 0.11796804147037018 0.06839587516934213
1 0.42634505240361065 0.2509781603337355 0.1330462373233333 0.06296474672063965
1 0.3999369602265733 0.4113490943003619 0.08808505183796278 0.08238313206674697
1 0.8800529786526843 0.5391630715719821 0.09820234561740726 0.07358134215265544
1 0.8837821543361098 0.6528980229514632 0.08837757775694399 0.12128185775648763
1 0.8931748611223134 0.8135898614860739 0.07496033524981485 0.056809921980838854
1 0.8840644098027302 0.7361232807533792 0.06333933006601847 0.048424211894930555
1 0.9044813824231464 0.9737212805282663 0.10806536116879606 0.05255743894346736
1 0.8997156189444905 0.15058192842395857 0.08603453628657362 0.0589456320667471
1 0.8790620748822221 0.08339775045022593 0.13156164976444415 0.08155097241038015
1 0.7525576549482407 0.12187267299689164 0.13445149538185158 0.15013719810012066
1 0.7847404786526843 0.5341679551090672 0.09009590263916642 0.15869997060135788
1 0.2787769852970829 0.21758140490666858 0.1441586860510183 0.13664790818602893
1 0.32521921569319356 0.49064376865604997 0.1319717528747221 0.08623847241038014
1 0.8021985466076839 0.787047293643678 0.1113461860510185 0.13492827792830403
1 0.8309858023571278 0.9375873677061103 0.1370296912348145 0.12482526458777947
1 0.7264810449107402 0.3304763890756937 0.11759618605101832 0.13525582654882307
1 0.7802955693691193 0.6700268899802049 0.11431536116879606 0.09775582654882306
1 0.3469993049955088 0.25070816542211816 0.32368894410953664 0.23315549525030158
1 0.3412351949580084 0.4603764145176069 0.28025201093324037 0.18110831637205785
1 0.8027627065033794 0.1268368119610437 0.3004278098964811 0.18061034938874462
1 0.7878088156459253 0.3647971573930594 0.27617010367592554 0.17000704206179834
1 0.8397601693218508 0.5230533926937383 0.2642169078229628 0.17560194482076028
1 0.8546297709715264 0.8039543351416791 0.2637451819985177 0.39209132971664185