1 0.4823460094130657 0.7697367389592902 0.10771807217608025 0.22562149545807203
1 0.18853066240309957 0.4771676331900177 0.11443963911037329 0.18498052000387927
1 0.10026560610926474 0.27362843182259017 0.1280014913621267 0.17831593182259012
1 0.46140456277223985 0.3612228662302541 0.10942027452011871 0.25218399545807213
1 0.5730897277962331 0.7017517556291897 0.12428381091731336 0.26583190727678296
1 0.6046958829457354 0.4781547589631695 0.12316259947397619 0.2362081801556002
1 0.9264311806016969 0.5311192307935183 0.10673536551310506 0.2830513581851687
1 0.7578778470099661 0.3304501957867295 0.11905848550203064 0.1115270445496865
1 0.36441323951642535 0.5512103953179892 0.36215524830195694 0.24250520395250136
1 0.6865688417681788 0.5853610942695208 0.1715419378460691 0.14223478167280898
1 0.7654424182631957 0.45750690336307487 0.27669980721668547 0.17024782455550547
1 0.9173856500645984 0.4761926147324421 0.12517688001107458 0.18274834030732112
1 0.26437817088408944 0.28623948637421637 0.14429831739571827 0.1415652309142046