1 0.22618409400961878 0.3070905664806758 0.11939770715464464 0.10885799019977523
1 0.3450478373540884 0.24630655618937497 0.08200155074867137 0.08732652858576362
1 0.4171044598580121 0.45736331778666245 0.06579308818628213 0.07850850179706281
1 0.5182503739595055 0.4447057949995427 0.06939770715464455 0.10064030447593275
1 0.569417299084284 0.4489881092757003 0.07700251996659109 0.1326607125125431
1 0.7049184136848916 0.4814513355900491 0.05693972920121517 0.11551658036610224
1 0.982683197483043 0.4744394386596503 0.034633605033913994 0.08475850179706282
1 0.812826069050875 0.5327279114634942 0.10562693843583944 0.10967176608994471
1 0.5245126967547473 0.5372784990178479 0.09723097587345002 0.1021377526955943
1 0.6557107749577339 0.5236479753321965 0.0952729009982285 0.11412414733785407
1 0.29371888165502547 0.4697098280779633 0.10002222254568487 0.08259566073220448
1 0.8864287322167815 0.6087260007312898 0.227142535566437 0.21292006076565267
1 0.6161797672622139 0.5420435949828185 0.18579405740420185 0.1443869000334484
1 0.39134543240369685 0.529815272703499 0.23412771381017503 0.16771598039955044
1 0.35357107757858885 0.36309801020768007 0.3255042645588464 0.2565833250585346
1 0.3324773275785889 0.36656484637242603 0.3827357250412563 0.3752249054246367
1 0.4227301867714518 0.4921343637683574 0.3000048460895982 0.2800858768388732
1 0.6328147154735527 0.5163057128363777 0.2214842712143769 0.2794889402164994
1 0.8862612497916992 0.5713869279608941 0.2274775004166017 0.30247448219661344