1 0.59921875 0.8203125 0.08125 0.18125
1 0.4171875 0.83203125 0.1015625 0.1234375
1 0.8375 0.8453125 0.1140625 0.1375
1 0.9046875 0.69453125 0.0703125 0.13828125
1 0.7421875 0.54375 0.07421875 0.12578125
1 0.8421875 0.49921875 0.084375 0.13203125
1 0.53125 0.40703125 0.07578125 0.1109375
1 0.67265625 0.52734375 0.0859375 0.13125
1 0.553125 0.20546875 0.10390625 0.18515625
1 0.6546875 0.3640625 0.22890625 0.2421875
1 0.50859375 0.49765625 0.2375 0.259375
1 0.43359375 0.678125 0.29296875 0.23203125
1 0.72734375 0.6734375 0.2484375 0.23203125
1 0.60859375 0.49765625 0.7125 0.875