1 0.68828125 0.6875 0.3 0.1921875
1 0.36484375 0.86171875 0.23125 0.246875
1 0.153125 0.88828125 0.30625 0.1921875
1 0.1515625 0.68203125 0.303125 0.1640625
1 0.41640625 0.54609375 0.325 0.1625
1 0.8546875 0.52578125 0.290625 0.1796875
1 0.88515625 0.80078125 0.2296875 0.1765625
1 0.87890625 0.9484375 0.2421875 0.103125
1 0.68046875 0.84921875 0.421875 0.19375
1 0.790625 0.9125 0.121875 0.059375
1 0.71640625 0.35625 0.3125 0.215625
1 0.63359375 0.515625 0.2 0.175
1 0.79921875 0.0984375 0.2734375 0.153125
1 0.70078125 0.1953125 0.2453125 0.15
1 0.8375 0.26015625 0.265625 0.159375
1 0.48828125 0.07578125 0.3015625 0.1515625
1 0.415625 0.20390625 0.278125 0.1828125
1 0.5109375 0.36328125 0.2625 0.20625
1 0.2703125 0.35 0.253125 0.2265625
1 0.1484375 0.15546875 0.265625 0.225
1 0.08671875 0.32421875 0.1734375 0.1578125
1 0.07578125 0.565625 0.1515625 0.2625
1 0.2171875 0.5828125 0.253125 0.16875
1 0.496875 0.5 0.99375 1