1 0.93828125 0.1171875 0.05390625 0.090625
1 0.97578125 0.1046875 0.03515625 0.09140625
1 0.93515625 0.2796875 0.1296875 0.265625
1 0.746875 0.40234375 0.0515625 0.08671875
1 0.746875 0.50234375 0.0765625 0.08203125
1 0.83359375 0.44375 0.21875 0.2796875
1 0.71875 0.371875 0.06875 0.11484375
1 0.61015625 0.34921875 0.0859375 0.14453125
1 0.58671875 0.22109375 0.05859375 0.153125
1 0.5796875 0.5046875 0.0734375 0.196875
1 0.61875 0.48828125 0.16171875 0.29609375
1 0.4390625 0.378125 0.3484375 0.484375
1 0.32109375 0.4125 0.08359375 0.225
1 0.42109375 0.690625 0.10859375 0.1140625
1 0.2296875 0.71875 0.3359375 0.52421875
1 0.35546875 0.95625 0.07734375 0.08671875