1 0.2037743718587574 0.5836702453818516 0.11962493142851302 0.19546761635259244
1 0.594331186927443 0.7865859426489342 0.14335100532570522 0.19289898242236098
1 0.8733759395036831 0.7165631344493967 0.1504667270172817 0.17958833812453676
1 0.6069161112073471 0.25822578826634146 0.12288607499697815 0.11602412412828685
1 0.6430926459412618 0.5655987908582396 0.1361555299581024 0.19072132775694434
1 0.680869877387906 0.12226774736161908 0.1375210047758122 0.1374302324223609
1 0.8297167613030251 0.4244829411883318 0.3405664773939499 0.4378867280870363
1 0.08862598749546718 0.1656632476909258 0.1758959362043252 0.3257893948634719
1 0.13306995420778792 0.70859375 0.17844356211577708 0.5828125
1 0.41137546633565253 0.8727286729501156 0.3796450378600479 0.25454265409976884
1 0.6787576325101677 0.9578657097316314 0.13628695551101747 0.08426858053673705
1 0.4149490001732247 0.40553284934060113 0.4523222926358601 0.4297023726676844
1 0.8558246036518511 0.9164315702524529 0.14635165679611575 0.1671368594950941
1 0.9567992597324038 0.8968092154810755 0.08640148053519248 0.20638156903784904