0 0.27257997446495696 0.5689747321340611 0.15083037727617327 0.15570877550517787
0 0.18956053747622298 0.6309490989954207 0.08964883636823102 0.1926079667795701
0 0.43406905542291163 0.6630849193843604 0.08602373119538154 0.1749998013432897
0 0.5964504173261856 0.33320168473885126 0.10324730126627664 0.4994889649339907
0 0.6722436906831507 0.4507946561323701 0.08127404671392995 0.22572097047072895
0 0.9337351201500372 0.47821288642085164 0.1285582236735344 0.24609345201493477
0 0.5552681055020539 0.7097492886811549 0.11537626207419382 0.22097329026981322
0 0.7643643091838352 0.6748629556300804 0.29174018527287443 0.2914055547015145
0 0.2997515428864993 0.7539506401880238 0.20178512351524952 0.19525192248566386
0 0.3082112490755632 0.670266719215005 0.3487750984424249 0.4329318671182808
0 0.7375 0.48395254665332804 0.525 0.8400228006774212