1 0.6024670344126285 0.15870814203523267 0.14702618942018653 0.0688264953818516
1 0.5624651187405524 0.2850163638071771 0.14902830517696727 0.1032014953818516
1 0.7360754659403073 0.09338735546583476 0.11610938936371688 0.1251940725731479
1 0.558560326788352 0.44547541017851966 0.12680469468185845 0.06861188190398124
1 0.4683540137894641 0.6197030135716213 0.1400173262236546 0.1086312891612959
1 0.4837298428557162 0.7427208485386121 0.0936127630835923 0.08591695909527744
1 0.47388586404357796 0.8850450495753714 0.11692843671876343 0.13925657257314797
1 0.699663468924079 0.46499851531504766 0.1649248629141832 0.26937329952888867
1 0.7214984844973331 0.23690290961287178 0.13079351564384112 0.16378768086722192
1 0.6018960139306385 0.755700719226529 0.12809272084904322 0.22417837672018487
1 0.6547351897025353 0.1821169562670383 0.3106769786709638 0.31632479491074017
1 0.5942101294756577 0.5006516342595383 0.35994893657758914 0.3081992280870363
1 0.5451986928980685 0.7816473560314826 0.2911079313159172 0.30062188246962906