1 0.55234375 0.18515625 0.1765625 0.0953125
1 0.71328125 0.53828125 0.171875 0.11875
1 0.6234375 0.8125 0.159375 0.125
1 0.2078125 0.603125 0.1 0.10625
1 0.4984375 0.60703125 0.1703125 0.1109375
1 0.06640625 0.68828125 0.1328125 0.1171875
1 0.346875 0.82265625 0.3859375 0.325
1 0.16328125 0.09296875 0.296875 0.1859375
1 0.703125 0.08203125 0.5921875 0.1578125
1 0.853125 0.35390625 0.290625 0.334375
1 0.91875 0.6 0.1625 0.115625
1 0.36484375 0.4046875 0.371875 0.390625
1 0.83125 0.77421875 0.178125 0.1203125
1 0.846875 0.92109375 0.30625 0.1578125
1 0.5 0.5 1 1
1 0.47109375 0.40703125 0.6140625 0.51875
1 0.34140625 0.7875 0.6828125 0.425
1 0.85234375 0.42421875 0.2953125 0.490625
1 0.84140625 0.8671875 0.3171875 0.265625