1 0.5498429531551037 0.7776173186760607 0.24394067394668237 0.2190695784748197
1 0.7433056528555413 0.7060670093507426 0.21977010818516848 0.11264786077106485
1 0.6163432507489061 0.30096469965763156 0.20070111485312836 0.14459495598580824
1 0.36517936347600244 0.27781800551236746 0.19123052000387936 0.1234153471339308
1 0.14725815302471915 0.37159527057829866 0.2945163060494383 0.14944054115659738
1 0.4586430946800711 0.5041934512090263 0.8112868969849792 0.49261404164698774
1 0.2718291366446838 0.6198397520417851 0.18000597758022466 0.13765297297092705
1 0.43907970036475474 0.873046875 0.8781594007295095 0.25390625
1 0.18958196013717338 0.8432891805081301 0.37916392027434676 0.16140493924588456
1 0.46848202754143137 0.9255066327781609 0.6314726248550679 0.14898673444367816
1 0.4597589266524425 0.878125 0.919517853304885 0.24375
1 0.4443879866640804 0.5257267198681375 0.8887759733281608 0.776453439736275