1 0.1378939685710044 0.7072375758918568 0.042805665340545127 0.05386138555165907
1 0.07850133457991308 0.6405625446422687 0.040652819342772296 0.07022672524323373
1 0.16717293590868604 0.675710886362438 0.04355964334022695 0.0515312723211343
1 0.12499507391791287 0.6069921140413037 0.11698860001590834 0.11920574188232518
1 0.2176365599140949 0.636739889608849 0.0508272506763177 0.07196650324641088
1 0.3060263505729134 0.6961069813290184 0.05090906667727228 0.07899775324641105
1 0.33632292524668583 0.6442814285690748 0.04961019601368122 0.10162672970746059
1 0.206863239258458 0.5552853380667214 0.06201928934595395 0.09403241801906326
1 0.27359620591982187 0.595520600241586 0.12596415802036276 0.15216824634655204
1 0.5607331265913672 0.5645877946389735 0.08048802601845359 0.13731481371699222
1 0.49124623524032246 0.6938701456946337 0.045957937340863356 0.05625968262956001
1 0.542826916573868 0.6932076724799948 0.11601699335613525 0.1699597183433749
1 0.6544547599061407 0.7029702305149442 0.06782439401654479 0.12303412540538936
1 0.8199524905713226 0.7167987256436803 0.10308064135104474 0.13224153003177222
1 0.7106785825907307 0.571893554378206 0.20584256202259005 0.1699654468330193
1 0.9280740732415952 0.6921180998312536 0.09054427868395365 0.12889834172016937
1 0.9129950605904126 0.577769227672275 0.16261018268618094 0.146559174511885