1 0.05442590676087592 0.6569352803488169 0.07522223040643305 0.09254656918364486
1 0.045579442364455505 0.5643074188143025 0.09115888472891101 0.16175108713762576
1 0.15736164205644537 0.6469694070086417 0.08553252452589488 0.10431531615858276
1 0.2602181616623528 0.6588603529503073 0.09618174020938675 0.08642383421075958
1 0.2115297303077095 0.5436171480316513 0.1308229657205132 0.22166644262201593
1 0.3223638234357695 0.6022967355620605 0.14520019610226545 0.15461984318774996
1 0.47331014695792223 0.6482536092950191 0.08267161766012521 0.08478406615858276
1 0.5625971322473214 0.6781769377502421 0.0819343627648184 0.12771190954272454
1 0.6364021322534917 0.6379377571302787 0.057218259821464376 0.11351759933607006
1 0.6953391910773841 0.635253118664793 0.07339563727220266 0.1120505481064061
1 0.7853920097042302 0.6386321278381752 0.03855850491381716 0.07672158128389342
1 0.8479976714591363 0.7014952213205128 0.07101227942737154 0.10110850292686635
1 0.8227071322596619 0.5970440706565828 0.12377855394092627 0.12561359923787413
1 0.7262942646180475 0.562478693996758 0.12824595591138924 0.18808632816063522
1 0.5585896077522777 0.5829689768796577 0.20477987746924917 0.11905959308955402