2 0.13510193407816812 0.5968846480257424 0.22844141904016277 0.4499807039485152
2 0.5470873569635181 0.6390332872031047 0.26640616576080234 0.5821274015164718
2 0.33250479929788757 0.4165357365164263 0.2113490943003619 0.3903584400429345
2 0.8103222249545714 0.4072782451859127 0.3793555500908571 0.7311190498426647
2 0.9255477131381259 0.5992973978468487 0.14890457372374827 0.2187932517453648
2 0.6788862336031982 0.5575769452216914 0.16679351085413394 0.3101302332045906
2 0.7879436510614813 0.4924181264162458 0.1598264586155702 0.20680414832619273
2 0.987902209972337 0.412703743440548 0.024195580055326005 0.18728254635193514
2 0.3934168865893029 0.17785128620886584 0.5923600768875075 0.3557025724177317
2 0.8005178149017198 0.34214777299707383 0.2899300384437538 0.20182027811161146
2 0.9353753352552504 0.2335800397924832 0.12924932948949924 0.2307987239342036
2 0.3548644781761313 0.49526222878040055 0.7081664563522627 0.9905244575608011