1 0.31875 0.1703125 0.0921875 0.103125
1 0.4265625 0.2109375 0.190625 0.2796875
1 0.7046875 0.30625 0.153125 0.2890625
1 0.72734375 0.2390625 0.06875 0.121875
1 0.5734375 0.38515625 0.121875 0.2984375
1 0.565625 0.2890625 0.0421875 0.046875
1 0.240625 0.45703125 0.13125 0.2546875
1 0.3171875 0.54765625 0.1953125 0.184375
1 0.478125 0.425 0.15625 0.1859375
1 0.35 0.3421875 0.1359375 0.1984375
1 0.47421875 0.721875 0.209375 0.24375
1 0.40625 0.784375 0.10625 0.078125
1 0.19921875 0.56796875 0.134375 0.1921875
1 0.2578125 0.71484375 0.1234375 0.28125
1 0.1765625 0.77109375 0.15625 0.228125
1 0.159375 0.665625 0.1109375 0.21875
1 0.10703125 0.8125 0.15625 0.2796875
1 0.0515625 0.9203125 0.090625 0.159375
1 0.18125 0.95625 0.1984375 0.0875
1 0.36328125 0.92265625 0.2109375 0.153125
1 0.5859375 0.8046875 0.165625 0.2375
1 0.66796875 0.9359375 0.2109375 0.128125
1 0.7734375 0.51875 0.2125 0.190625
1 0.8390625 0.68984375 0.15 0.196875
1 0.59453125 0.56015625 0.159375 0.15
1 0.86953125 0.8296875 0.2453125 0.221875
1 0.95703125 0.76328125 0.08125 0.121875
1 0.8625 0.946875 0.209375 0.10625
1 0.50625 0.52578125 0.984375 0.9484375