1 0.9339270002363411 0.8247579183659844 0.12842637931208323 0.1291609547014076
1 0.8702657499535172 0.7443212482123238 0.15941253916129589 0.14642807409646358
1 0.796992928228841 0.855466300178876 0.06878824769092588 0.07697683030538158
1 0.7319352732806005 0.7679346071463984 0.09956864745537004 0.1539537895487168
1 0.6609282891148133 0.8606485235070371 0.0555555158342127 0.10304512272903601
1 0.5363097064568967 0.8016087501691779 0.051512564797453565 0.1011637583349497
1 0.4772573352033319 0.7649858528943346 0.04321204924606477 0.07721607530441155
1 0.5446307629130078 0.7371316619878886 0.2176939308672221 0.13877481288657592
1 0.142960247644443 0.7563135150029096 0.08704952360990718 0.1172510150029094
1 0.0768759178612485 0.78117025166699 0.02415925287472207 0.08109050333397985
1 0.09774620099027648 0.6828123710620462 0.08558476842611092 0.10937474212409234