1 0.19446593071325688 0.32469744355406327 0.11011055103961845 0.09578870435383653
1 0.24326047345450555 0.4339285998146655 0.29413219875988894 0.20039190271722324
1 0.35964802574352384 0.7153819856568477 0.3006656186759763 0.16321928493120835
1 0.2941773137108877 0.735691996456621 0.12708456348717306 0.0730059687818068
1 0.4286087454498298 0.5868874526245559 0.3076726352727158 0.13229666714519334
1 0.33192299959901467 0.5757192849312084 0.050071777594401644 0.04382441106992552
1 0.47526472220510574 0.2565848829317753 0.264633030293694 0.1401438834799295
1 0.5716912815430939 0.33631207766696497 0.1991748962703781 0.20175101687504088
1 0.4612301460698854 0.4929663270339928 0.19777741701630233 0.16274308057737183
1 0.36870891411651735 0.3619494508104574 0.20873822780418302 0.14286709019601868
1 0.7578091481444778 0.49942718047685536 0.25961548880184504 0.2178869375636136
1 0.8151587842423862 0.4336409785700896 0.08617614357108572 0.10897818511654282
1 0.5830646441957856 0.21905265579726613 0.2023698286340201 0.14108633538669527
1 0.7343796130768989 0.2827753938163665 0.29060353444287906 0.1332589664195541
1 0.7844728562284218 0.20348968710027732 0.23996491701630235 0.16421630054030495
1 0.6777017153566284 0.18261913719294456 0.22715634108157481 0.11857641832631982
1 0.8206103431561672 0.13540437521204501 0.29152741701630236 0.16601690271722322
1 0.9205492983403261 0.08370052067287408 0.15890140331934788 0.09619049763774727
1 0.9593579782167794 0.21464298582648372 0.08128404356644126 0.20149306733052796
1 0.9328148065384495 0.39550111622637035 0.13437038692310105 0.21628474282842394
1 0.849087188811134 0.6140378067003908 0.2500503120372805 0.17391868275429
1 0.9572493506293445 0.7006524076961826 0.08550129874131115 0.21541172359113023
1 0.5773575892306969 0.7915526491738442 0.20672728714217126 0.21915677168436432
1 0.7534241043775439 0.8631523745790728 0.2082413203356504 0.15687502649368773
1 0.6052071342470307 0.6140923372856119 0.1620767153566284 0.16461311542376222
1 0.8876724016689627 0.8859871515360969 0.22465519666207462 0.22802569692780636
1 0.8358007417248523 0.9704663170988599 0.12803175684847723 0.059067365802280135
1 0.9755867987645332 0.8945114688666248 0.048826402470933415 0.21097706226675045
1 0.5263140462657336 0.5079315510884591 0.9473719074685327 0.9841368978230818