1 0.5135480229612537 0.10470785392470514 0.11560827962517131 0.0664569941927268
1 0.6458112905122309 0.27381298395023385 0.16292120031656906 0.14050326585833056
1 0.4923272746771133 0.42990062849394556 0.13270485141192587 0.0653409248245076
1 0.39841345328607 0.2629261848755649 0.26733121865896925 0.30375408953414584
1 0.3421310463847256 0.44605320800894 0.12469377461060631 0.11112014447989989
1 0.3905528598582101 0.6947240750478688 0.0913189849563052 0.1414772832163383
1 0.6822773586045688 0.7178470807594242 0.0836141335443795 0.09074676298659981
1 0.7167850877548863 0.8520090171665722 0.070022994985435 0.05178572252712286
1 0.536731526392973 0.7627638654754397 0.2342004699126104 0.2889813583280191
1 0.4703422775801071 0.29641848254627445 0.5007755191338228 0.5132305779195995
1 0.5325297596999254 0.7724635403318532 0.48051318025830947 0.3520292773452532