1 0.2716764348643864 0.6893135266363837 0.31119364718563747 0.19393284894328672
1 0.5849668481879753 0.8654139809658646 0.24562883134415223 0.24822037314378348
1 0.7951385087395538 0.8932082246211529 0.31744364718563745 0.19396921037960482
1 0.8087137032802378 0.6869673149802324 0.312680552475544 0.16582602966144577
1 0.5517874110456887 0.5494889991162373 0.33446454721387225 0.1643907946885605
1 0.13261726599677706 0.5266266533944044 0.2652345319935541 0.1813783067888089
1 0.09409455033881842 0.8014493913923519 0.18818910067763683 0.17789878278470397
1 0.09497523990017932 0.9484375 0.18995047980035865 0.103125
1 0.27006989028135 0.8510777284317819 0.43315965244730925 0.1962043969514969
1 0.15622792718364015 0.9137181081166688 0.12533319994353026 0.06008404800821019
1 0.26284455033881843 0.3578999001729506 0.32505872611071523 0.21744307181592362
1 0.33637451364828985 0.5177566892041703 0.21019258930724707 0.1761635659621911
1 0.19504791851467349 0.09960561114173087 0.2823560156438412 0.15471581283893313
1 0.28784309229101884 0.1970533037637468 0.25404900512049755 0.15142718637549998
1 0.14734762393163714 0.26110164734428026 0.2749075366905286 0.16092036104353502
1 0.5073049948089153 0.07875834259857481 0.3103900103821694 0.15331693930236623
1 0.5724988133518237 0.20730604429577704 0.2887726156156063 0.1844305839161719
1 0.4679037766612951 0.3661265323919204 0.274512694540684 0.2077771803253757
1 0.7093023213855058 0.35424519769018153 0.266320762942418 0.22803513817089804
1 0.8425074764636509 0.16042299569839166 0.2787297576807461 0.226545361043535
1 0.8943976582030914 0.32953206488203657 0.1826290314288567 0.15882152985783762
1 0.8912748452747905 0.5710019473955938 0.16685138396087068 0.2633817648307229
1 0.7488675373964003 0.5873667698988885 0.2629535682605596 0.17022263817089806
1 0.5 0.5000181807181592 1 0.9999636385636815