1 0.54453125 0.88125 0.11875 0.1203125
1 0.56953125 0.728125 0.1953125 0.20625
1 0.59609375 0.54375 0.15 0.1375
1 0.62734375 0.1859375 0.209375 0.128125
1 0.62265625 0.2984375 0.15625 0.16875
1 0.69765625 0.24140625 0.0640625 0.034375
1 0.5765625 0.1375 0.0515625 0.0328125
1 0.62890625 0.35859375 0.121875 0.04375
1 0.58671875 0.28828125 0.0421875 0.0359375
1 0.64609375 0.2296875 0.040625 0.03125
1 0.5921875 0.221875 0.04375 0.034375
1 0.5625 0.58359375 0.040625 0.0234375
1 0.565625 0.49609375 0.03125 0.0359375
1 0.590625 0.81484375 0.09375 0.0328125
1 0.61953125 0.58828125 0.0453125 0.03125
1 0.54140625 0.79453125 0.046875 0.059375
1 0.534375 0.6484375 0.065625 0.053125
1 0.56796875 0.909375 0.04375 0.03125
1 0.51875 0.86640625 0.0375 0.025
1 0.5203125 0.92734375 0.0375 0.025