1 0.11875 0.45546875 0.1203125 0.11875
1 0.271875 0.43046875 0.20625 0.1953125
1 0.45625 0.40390625 0.1375 0.15
1 0.8140625 0.37265625 0.128125 0.2109375
1 0.7015625 0.37734375 0.16875 0.15625
1 0.75859375 0.30234375 0.034375 0.0640625
1 0.8625 0.4234375 0.0328125 0.0515625
1 0.64140625 0.37109375 0.04375 0.121875
1 0.71171875 0.41328125 0.0359375 0.0421875
1 0.7703125 0.35390625 0.03125 0.040625
1 0.778125 0.4078125 0.034375 0.04375
1 0.41640625 0.4375 0.0234375 0.040625
1 0.50390625 0.434375 0.0359375 0.03125
1 0.18515625 0.409375 0.0328125 0.09375
1 0.41171875 0.38046875 0.03125 0.0453125
1 0.20546875 0.45859375 0.059375 0.046875
1 0.3515625 0.465625 0.053125 0.065625
1 0.090625 0.43203125 0.03125 0.04375
1 0.13359375 0.48125 0.025 0.0375
1 0.07265625 0.4796875 0.025 0.0375