1 0.5073890082676584 0.712903938984009 0.12769266046291677 0.07095052940820956
1 0.5263102903183624 0.8326017733593867 0.09084763192686936 0.08107162058574673
1 0.4761325461093307 0.6149145202332534 0.11264985731976367 0.08180827573218341
1 0.3522241652159185 0.6514900496414631 0.12849318114108127 0.08813802940820956
1 0.394529443337681 0.7844316161866027 0.11967045285270288 0.19916000109978604
1 0.5435231757643977 0.08968233622850022 0.048767139784752264 0.045551761028078584
1 0.5461088283694315 0.17890906159610281 0.05389128742738745 0.05541943713088644
1 0.5160124518192456 0.03840369211014212 0.06722604135632881 0.04127246543931001
1 0.4538763248547749 0.0527852068142469 0.0874315334984459 0.07449316985054147
1 0.4701798751024439 0.14999101655722727 0.10084337014004525 0.1287677474237598
1 0.4290092971427879 0.7156464573641399 0.29595047063538316 0.3451855661684714
1 0.47453773531769156 0.11086493649438108 0.1831165227450791 0.22172987298876215