0 0.36031177907085804 0.16522916356328862 0.17393220431181594 0.22261136228216233
0 0.2874412097015857 0.4960360537623257 0.17816314498649763 0.40778472890755085
0 0.43161624379442093 0.5765861945805353 0.07299116507440609 0.10443709698068133
0 0.5677229053982445 0.6194543988809802 0.08999842703754765 0.15963401923042236
0 0.7120459967746129 0.19715567555500066 0.4649788302714096 0.3379817669541108
0 0.4797307571863598 0.37986105190029884 0.31836566699359353 0.319494978493266
0 0.4927806471508804 0.8545677994190995 0.13678330801911862 0.18901545822938637
0 0.2463477219099226 0.7770270345319032 0.04469359533734085 0.09456979135632881
0 0.28366577980644364 0.8471597520669146 0.1523105207008962 0.27989516935425696
0 0.4369863544428882 0.6739877334556648 0.09781689127072024 0.1110338533908223
0 0.3153697830318308 0.6846447894943021 0.23869691172642132 0.16189649420903168