1 0.5726074445874821 0.8276276690514262 0.0907685551888033 0.09573296677957047
1 0.5217795730117206 0.7797461902755896 0.10324524440092268 0.11751779580655146
1 0.6107129410629971 0.7309479070551598 0.054877676764564676 0.05069097969862639
1 0.5544755190723173 0.6815490137658327 0.10942346680652086 0.07659229211539262
1 0.6298316391981862 0.6348691524412111 0.07291728174358666 0.04383997231630854
1 0.6004060935571525 0.5440939999239868 0.07111798340326062 0.04050463959816817
1 0.5807690223963096 0.5012004255109541 0.05513778589277152 0.03371381241676641
1 0.5535427489510928 0.5480454347388513 0.09862952199532433 0.1586536322158505
1 0.6121653454312522 0.2639257536151457 0.08238737012586875 0.06676663590700951
1 0.6412384614079363 0.20312341074631862 0.05920997925407576 0.046634477853046793
1 0.5782541319487235 0.13861035386629048 0.09607136182749905 0.08407429765213097
1 0.5670430221958169 0.2136554393527998 0.08127515601864026 0.09290847047072912
1 0.57880101284854 0.6729852545379353 0.2828431917109189 0.4262614003387107
1 0.591616969706306 0.21222809648397276 0.22377307718412745 0.25901391879450497