1 0.63359375 0.93515625 0.06875 0.046875
1 0.64453125 0.8421875 0.0875 0.059375
1 0.55625 0.89765625 0.153125 0.1328125
1 0.6359375 0.74609375 0.0984375 0.065625
1 0.64765625 0.646875 0.08125 0.0796875
1 0.53828125 0.709375 0.209375 0.09375
1 0.59375 0.5953125 0.1453125 0.115625
1 0.63828125 0.44609375 0.0796875 0.065625
1 0.6671875 0.35703125 0.1203125 0.059375
1 0.6296875 0.29296875 0.10625 0.0375
1 0.62734375 0.2375 0.10625 0.053125
1 0.63046875 0.1515625 0.071875 0.0265625
1 0.69140625 0.08359375 0.0953125 0.053125
1 0.59140625 0.121875 0.11875 0.1
1 0.55859375 0.21796875 0.178125 0.0953125
1 0.5765625 0.37421875 0.1125 0.178125