1 0.14609375 0.296875 0.0421875 0.05234375
1 0.08671875 0.3625 0.0390625 0.06875
1 0.17578125 0.32890625 0.04296875 0.05078125
1 0.1328125 0.39609375 0.11484375 0.11640625
1 0.225 0.36796875 0.05 0.0703125
1 0.3140625 0.31171875 0.04921875 0.07734375
1 0.34296875 0.36328125 0.04765625 0.1
1 0.21328125 0.44921875 0.0609375 0.09140625
1 0.2796875 0.4109375 0.1234375 0.1484375
1 0.56484375 0.44609375 0.078125 0.134375
1 0.49765625 0.31640625 0.04453125 0.0546875
1 0.5484375 0.31796875 0.11328125 0.16640625
1 0.659375 0.31015625 0.065625 0.12109375
1 0.82421875 0.3 0.10078125 0.1296875
1 0.7140625 0.44140625 0.20234375 0.16484375
1 0.93125 0.32578125 0.0890625 0.12578125
1 0.9171875 0.4390625 0.16484375 0.1421875