1 0.7912081192636243 0.20234375 0.1334908504819154 0.1328125
1 0.6587364985712029 0.2546875 0.28598075718635985 0.359375
1 0.31453760754567783 0.37734375 0.23797595957898815 0.3703125
1 0.2752251992898388 0.290625 0.10709921615236002 0.15546875
1 0.4945600226200838 0.47890625 0.1995195837419919 0.3828125
1 0.4909292418752334 0.3546875 0.06136423815945591 0.06015625
1 0.9149709980914059 0.5703125 0.17005800381718822 0.3265625
1 0.8465313680800224 0.68671875 0.2771413590970724 0.2375
1 0.6220712301572868 0.5296875 0.2256655699822602 0.23828125
1 0.7758168388865666 0.42265625 0.20248649857120285 0.2546875
1 0.667515402295455 0.87578125 0.2986678114897009 0.2484375
1 0.7639449194031714 0.9703125 0.1433087772742681 0.059375
1 0.9506153982731835 0.7109375 0.09876920345363302 0.2453125
1 0.9243487180715476 0.86015625 0.15130256385690471 0.2796875
1 0.9724542359856108 0.91328125 0.05509152802877857 0.17265625
1 0.9901488439085437 0.83515625 0.01970231218291261 0.2796875
1 0.5298351642585968 0.93046875 0.22941032667822975 0.13828125
1 0.2564317455910109 0.64921875 0.2997967570637622 0.24453125
1 0.1965092152139532 0.86953125 0.22167090503045186 0.2515625
1 0.4921022966689648 0.703125 0.22515041687099605 0.19140625
1 0.2158568190438535 0.95234375 0.23089122799290412 0.0953125