1 0.9664595741976395 0.0356939379706371 0.06708085160472095 0.0713878759412742
1 0.9959205628666808 0.023538901850662132 0.00815887426663835 0.047077803701324264
1 0.9452520102381454 0.2169844655392319 0.10949597952370915 0.35523540459476904
1 0.7644687134765012 0.4006391186662297 0.07663285453816648 0.1186079624122538
1 0.7771820102670597 0.5287641186662297 0.10804394371911492 0.11610187858966334
1 0.8617749360477344 0.44079738458837214 0.2764501279045312 0.38884946525207853
1 0.7247327284598101 0.36655835998722586 0.10207377924771333 0.1571022832163383
1 0.5835832346716964 0.3538148700701892 0.12766974416202306 0.19715910402042294
1 0.5384752832739725 0.1939122761327295 0.09438002559536347 0.20407874275686141
1 0.5649145705742041 0.5559455564773371 0.11871147296682807 0.26252030344607674
1 0.6128215278099048 0.5290076446394295 0.24376972955262363 0.4022321675813689
1 0.3692579294836247 0.4160105130823177 0.5049908808813485 0.6690544363114302
1 0.22359905521698606 0.47729299859604063 0.135558647676375 0.3000101589342711
1 0.3861369316981661 0.8170961489151196 0.15269998904295043 0.16147526008296326
1 0.21377373176716508 0.7605823699744714 0.31699774856219165 0.4787439450223401