1 0.38071987832827003 0.4270682745374021 0.11779560815287322 0.19586577792830423
1 0.18060542543697744 0.5700690812985215 0.3612108508739549 0.417674337402957
1 0.5141257406411022 0.43873503561867855 0.09846214559048398 0.18863313206674714
1 0.60837637063275 0.40347588704358806 0.09504541430928928 0.18534435775648764
1 0.7589982206745112 0.5471805421773993 0.42044825831890814 0.539801642920881
1 0.6867474453001754 0.5882835770031084 0.17804580199645717 0.2083524898232348
1 0.8756937789109067 0.6545692390343245 0.12558830865198764 0.24602955223856354
1 0.4612468153085277 0.630421246609098 0.36623310815287324 0.20888583559393475
1 0.4161258375628941 0.4392064263918529 0.3204656347749946 0.36819223654387445
1 0.21672030761250266 0.5698743294894992 0.4334406152250053 0.48238529059146024
1 0.7464982206745111 0.5478356394184374 0.4286563331941295 0.5277929658516595
1 0.46944741347810537 0.5009384644969224 0.37309121630574643 0.39893762550802647