1 0.42004726726302455 0.3157992794650541 0.10353085969555131 0.12557269262201592
1 0.4305166046782734 0.6917305203898678 0.09018328410611964 0.16220508421075958
1 0.46884420600804877 0.2113708546988232 0.1167829347906915 0.08659655103327228
1 0.6371803705327852 0.22250886347942195 0.0879231057412186 0.1067363342107595
1 0.6865291131184114 0.2579605501495095 0.09583110623551008 0.10912553600615764
1 0.7699053458182059 0.34049631507842826 0.08322101828878878 0.08718235831306051
1 0.2734177346025987 0.8650765959182245 0.11951529844057554 0.23032837031511305
1 0.1186492519399853 0.8859420451795398 0.2372985038799706 0.2281159096409205
1 0.218914178460588 0.7279715056573407 0.437828356921176 0.49391064392643463
1 0.4874404253247893 0.7522322040348933 0.14719994665368966 0.14301017749670547
1 0.42441513779580975 0.5346265475172308 0.08617887501859052 0.19811076795398092
1 0.33705174205415356 0.4348760115110732 0.1074543557412186 0.10684996369925485
1 0.6514524816740301 0.4859355592246958 0.47147302376317735 0.5104350685944696
1 0.7168865503061987 0.9484067255049154 0.4621418557412186 0.10318654899016906
1 0.3093287182909763 0.9411840570833965 0.3157761917107738 0.11763188583320705
1 0.9072356135755217 0.6523064895500715 0.14772516456191767 0.3859243853422278
1 0.8180046061983293 0.29154573067127704 0.19284536908709135 0.1706130027304745
1 0.6218591180613272 0.23414125506816558 0.18215987847863174 0.21507152985783762
1 0.3020267791260226 0.2588493218159235 0.2653808967674204 0.30225388817089804
1 0.3287988206465159 0.06208340612487896 0.21193360870696817 0.12151697257804936
1 0.7457170652093085 0.0902963271786767 0.249190869581383 0.17328400565734076