1 0.7962075857296715 0.6427805730458924 0.14116557110579536 0.10611540665497757
1 0.6498857816301082 0.686433341309837 0.0979054304551255 0.08665629464226861
1 0.6256459903057061 0.43539694682972413 0.07816725271112439 0.07929776217486459
1 0.5113512279412623 0.4294860917168741 0.08391472605157305 0.10355742248329011
1 0.45640613095637594 0.4136468575451867 0.09521541229869009 0.13960401663909144
1 0.3165328380710529 0.3501183713449044 0.06969175928357645 0.1243511635548364
1 0.015724202462645148 0.2966801310874323 0.031448404925290295 0.0847665121748646
1 0.2111063407821773 0.2699614926931041 0.12597976121424032 0.10896767126547413
1 0.5292988941012802 0.3240718887947748 0.11572638099735037 0.10255403003177203
1 0.38139771442661513 0.31209226582501726 0.11379648648535276 0.11654834618439622
1 0.7650632175074825 0.4464453153352547 0.11779140765690191 0.07843073741809832
1 0.14293178950666122 0.16351484943080713 0.28586357901332243 0.1981098120921391
1 0.4293580223875062 0.29961558522405235 0.21755493702757764 0.13394612621616836
1 0.6730151004354967 0.36025662499505706 0.2733150776782473 0.1536234265404799
1 0.6707853137119084 0.5544430016182625 0.3821580081333728 0.24047063595540089