1 0.1642578125 0.3664062716336979 0.328515625 0.7252333958838593
1 0.0453125 0.31241883669432113 0.090625 0.624472413273773
1 0.42122732271725705 0.4401786270580802 0.3895299392458845 0.48043835252074574
1 0.13821754401419176 0.6045657658583306 0.2764350880283835 0.4466315317166611
1 0.2799486812013417 0.732289985529676 0.4521897284832945 0.5354200289406481
1 0.3049699820341005 0.9074776878430134 0.522544830148812 0.18504462431397323
1 0.5128240351538396 0.5917512859923513 0.08575300179658996 0.09870130778557887
1 0.11483201804612322 0.6409902817485671 0.11370117189297306 0.12818588870453257
1 0.019949566082586433 0.5315746820676461 0.039899132165172865 0.14397322252712302
1 0.5040986130156714 0.9383523066528443 0.08297143720409964 0.12329538669431131
1 0.14967720990440703 0.9292918135609461 0.13383428588942517 0.14141637287810765