1 0.6468140463943739 0.6337877239020046 0.16191154620293827 0.1704045013526354
1 0.788179732769616 0.4589411705522325 0.09202517338864222 0.0931329293443632
1 0.07915982673898155 0.6310307293125464 0.09914774562859212 0.15407042934436319
1 0.1735896316209237 0.49730007196850146 0.11578736987875349 0.2697317920114539
1 0.3906756792916332 0.4222166139401846 0.15237421959158048 0.26235564401654476
1 0.6274553107849332 0.378891685908686 0.34446026005105745 0.27707376670908895
1 0.2955559827058041 0.19472850795672927 0.34415586700702294 0.1943703547103616
1 0.7749796388640622 0.5652002612190052 0.2108969363752422 0.17565562269254437
1 0.3217836128589565 0.5977802352800934 0.19795050574346132 0.15834085335772627
1 0.6468445015634889 0.49335362790423165 0.5304992628589762 0.6272021307288153
1 0.24822950145181832 0.40301372262891083 0.49645900290363665 0.7036737240610881