1 0.06171875 0.1171875 0.053125 0.090625
1 0.02421875 0.1046875 0.034375 0.090625
1 0.06484375 0.2796875 0.1296875 0.265625
1 0.253125 0.40234375 0.0515625 0.0875
1 0.253125 0.50234375 0.0765625 0.08125
1 0.16640625 0.44375 0.21875 0.2796875
1 0.28125 0.371875 0.06875 0.115625
1 0.38984375 0.34921875 0.0859375 0.14375
1 0.41328125 0.22109375 0.059375 0.153125
1 0.4203125 0.5046875 0.0734375 0.196875
1 0.38125 0.48828125 0.1625 0.296875
1 0.5609375 0.378125 0.3484375 0.484375
1 0.67890625 0.4125 0.084375 0.225
1 0.57890625 0.690625 0.109375 0.1140625
1 0.7703125 0.71875 0.3359375 0.525
1 0.64453125 0.95625 0.078125 0.0875