1 0.25703125 0.62890625 0.08359375 0.08515625
1 0.29765625 0.575 0.1046875 0.0953125
1 0.3578125 0.659375 0.04453125 0.0515625
1 0.39921875 0.6 0.06171875 0.1046875
1 0.45546875 0.67109375 0.03359375 0.0703125
1 0.54140625 0.63515625 0.03046875 0.06953125
1 0.58125 0.6125 0.0265625 0.05234375
1 0.53125 0.5890625 0.14765625 0.08671875
1 0.8203125 0.62578125 0.05546875 0.07890625
1 0.884375 0.65 0.0390625 0.05703125
1 0.93984375 0.5828125 0.07109375 0.08984375
1 0.8640625 0.57734375 0.0828125 0.075