1 0.74296875 0.37109375 0.084375 0.084375
1 0.70234375 0.425 0.1046875 0.0953125
1 0.6421875 0.340625 0.04375 0.0515625
1 0.60078125 0.4 0.0625 0.1046875
1 0.54453125 0.32890625 0.034375 0.0703125
1 0.45859375 0.36484375 0.03125 0.06875
1 0.41875 0.3875 0.0265625 0.053125
1 0.46875 0.4109375 0.146875 0.0875
1 0.1796875 0.37421875 0.05625 0.078125
1 0.115625 0.35 0.0390625 0.05625
1 0.06015625 0.4171875 0.071875 0.090625
1 0.1359375 0.42265625 0.0828125 0.075
1 0.5890625 0.3765625 0.3921875 0.253125
1 0.13125 0.3984375 0.23125 0.20625