1 0.6363067013044187 0.4136717106295237 0.22976230639602555 0.579157307367687
1 0.8352709212501896 0.3955600326252484 0.26395549921443334 0.5523311746924395
1 0.42015952653818783 0.43035270497142264 0.2613203368430382 0.3677550898140417
1 0.6608804961893711 0.6120004838054912 0.2565055718159236 0.34527683517884816
1 0.5016196465587133 0.7321865889413594 0.3014827702916719 0.5356268221172813
1 0.4689167517485159 0.8613449268598112 0.3829589875069681 0.27731014628037765
1 0.3387418757760621 0.5252644988555359 0.05821247579950315 0.07619014050072011
1 0.6352583274732643 0.6360263333119269 0.07707156010845857 0.0973531590414943
1 0.7309293757760621 0.5757368033333942 0.053724963699254856 0.10996188586552655
1 0.31839860128097763 0.7857305605579661 0.05366133118569749 0.09902438586552656
1 0.5857951795398089 0.8560535747639971 0.09137040944452864 0.1397879229470746