1 0.6657487722446577 0.6548512904583219 0.0947349473261827 0.08732143992586625
1 0.6317426274808298 0.5995263841977196 0.11639040346105815 0.09896826805616729
1 0.5612264301546472 0.6818006816579818 0.050081078921556 0.053090283665263985
1 0.5271105134582572 0.6209797435462141 0.0753540087195228 0.10687004809323426
1 0.4621312985815663 0.6901092002623033 0.04300828943848547 0.07151290145127884
1 0.3806063687390145 0.6511706966341062 0.03969143856207467 0.06984127404661714
1 0.3435444564469709 0.6271230722246693 0.0330854297979668 0.05405258293962447
1 0.39642221959313273 0.6054316106992568 0.15761864907900414 0.09262898801910033
1 0.10285122399747923 0.6320560757680485 0.0658425438205394 0.08008929328391083
1 0.035815035413112005 0.6540377139724833 0.04596913155078839 0.057614092558271324
1 0.01504852425734439 0.5849132025397379 0.03009704851468878 0.0931349303072194
1 0.06504860116621367 0.5820907921027845 0.09202134206771784 0.0778918762235353
1 0.5125140003120954 0.6440080157787327 0.42326734197854776 0.2668204892850447
1 0.09283728521247925 0.606145850995792 0.1856745704249585 0.21432542794496676