1 0.31328125 0.57421875 0.10625 0.084375
1 0.634375 0.5515625 0.1375 0.071875
1 0.22421875 0.53515625 0.0734375 0.096875
1 0.23359375 0.39140625 0.090625 0.071875
1 0.26328125 0.3484375 0.0921875 0.078125
1 0.3328125 0.275 0.075 0.06875
1 0.91015625 0.08203125 0.1234375 0.096875
1 0.7828125 0.6796875 0.196875 0.09375
1 0.853125 0.85703125 0.29375 0.2859375
1 0.66640625 0.7359375 0.41875 0.3671875
1 0.6859375 0.50078125 0.121875 0.121875
1 0.5 0.5625 0.16875 0.0671875
1 0.415625 0.63984375 0.090625 0.0875
1 0.4578125 0.3703125 0.434375 0.384375
1 0.9046875 0.29921875 0.190625 0.390625
1 0.9 0.64765625 0.2 0.2640625
1 0.59765625 0.1015625 0.328125 0.203125
1 0.6875 0.0328125 0.1 0.065625
1 0.29140625 0.23515625 0.14375 0.159375
1 0.24375 0.40390625 0.1828125 0.1484375
1 0.265625 0.6765625 0.25625 0.215625
1 0.0890625 0.66171875 0.1234375 0.1765625
1 0.09765625 0.30546875 0.19375 0.20625