1 0.6421875 0.5453125 0.1765625 0.075
1 0.42578125 0.796875 0.14375 0.084375
1 0.2671875 0.87890625 0.1375 0.0953125
1 0.3140625 0.5828125 0.196875 0.075
1 0.58125 0.47578125 0.2078125 0.0875
1 0.39921875 0.46171875 0.184375 0.0875
1 0.41875 0.19140625 0.2234375 0.0875
1 0.2109375 0.10859375 0.1390625 0.065625
1 0.26953125 0.3453125 0.0828125 0.090625
1 0.4734375 0.6515625 0.1734375 0.2828125
1 0.4796875 0.38984375 0.103125 0.1328125
1 0.371875 0.3328125 0.1203125 0.215625
1 0.37578125 0.15234375 0.140625 0.203125
1 0.26640625 0.74609375 0.10625 0.109375
1 0.44140625 0.50078125 0.565625 0.9140625