1 0.265625 0.8046875 0.07578125 0.11015625
1 0.359375 0.73515625 0.04765625 0.09609375
1 0.165625 0.39609375 0.06328125 0.11328125
1 0.2296875 0.40625 0.05625 0.12890625
1 0.3921875 0.365625 0.07890625 0.08046875
1 0.4953125 0.83671875 0.06875 0.0921875
1 0.609375 0.83046875 0.1171875 0.07890625
1 0.7703125 0.82578125 0.05390625 0.0703125
1 0.69296875 0.8234375 0.0453125 0.06015625
1 0.953125 0.82109375 0.0921875 0.10078125
1 0.10390625 0.890625 0.0546875 0.08125
1 0.0375 0.87578125 0.07421875 0.125
1 0.0828125 0.7453125 0.14296875 0.12109375
1 0.4953125 0.74140625 0.1546875 0.0765625
1 0.20390625 0.2609375 0.1296875 0.1328125
1 0.47578125 0.28359375 0.0796875 0.12578125
1 0.7484375 0.73671875 0.12890625 0.09921875
1 0.9078125 0.7515625 0.13828125 0.125
1 0.29375 0.70078125 0.1296875 0.10546875
1 0.63203125 0.725 0.0921875 0.10546875
1 0.23359375 0.3265625 0.2171875 0.3046875
1 0.44453125 0.30234375 0.1671875 0.26484375
1 0.08515625 0.7953125 0.16484375 0.2859375
1 0.325 0.759375 0.15703125 0.26328125
1 0.48125 0.79765625 0.1625 0.25078125
1 0.78515625 0.7859375 0.42421875 0.2265625