1 0.734375 0.1953125 0.075 0.109375
1 0.640625 0.26484375 0.046875 0.096875
1 0.834375 0.60390625 0.0625 0.1125
1 0.7703125 0.59375 0.05625 0.128125
1 0.6078125 0.634375 0.078125 0.08125
1 0.5046875 0.16328125 0.06875 0.0921875
1 0.390625 0.16953125 0.1171875 0.078125
1 0.2296875 0.17421875 0.053125 0.0703125
1 0.30703125 0.1765625 0.0453125 0.059375
1 0.046875 0.17890625 0.0921875 0.1
1 0.89609375 0.109375 0.0546875 0.08125
1 0.9625 0.12421875 0.075 0.125
1 0.9171875 0.2546875 0.14375 0.121875
1 0.5046875 0.25859375 0.1546875 0.0765625
1 0.79609375 0.7390625 0.1296875 0.1328125
1 0.52421875 0.71640625 0.0796875 0.125
1 0.2515625 0.26328125 0.128125 0.1
1 0.0921875 0.2484375 0.1375 0.125
1 0.70625 0.29921875 0.1296875 0.10625
1 0.36796875 0.275 0.0921875 0.10625
1 0.76640625 0.6734375 0.2171875 0.3046875
1 0.55546875 0.69765625 0.1671875 0.265625
1 0.91484375 0.2046875 0.165625 0.2859375
1 0.675 0.240625 0.15625 0.2625
1 0.51875 0.20234375 0.1625 0.25
1 0.21484375 0.2140625 0.425 0.2265625