1 0.136120390274804 0.3085182764279675 0.12400345282385157 0.11630078565586466
1 0.27181384936686176 0.2812943901880237 0.08441811559769068 0.0930737177023599
1 0.3210623769469689 0.5294913680410706 0.06626750917119999 0.08440489144374777
1 0.4303009846271008 0.5489021583108837 0.06927048871722885 0.10737664052095805
1 0.48536055766749675 0.5704314698048605 0.0765434311162391 0.14337422139351882
1 0.6258431536691461 0.6481654971556177 0.05423652210332364 0.12558581333955612
1 0.9409536766303997 0.7352891225790059 0.06647209765100222 0.09143614144374776
1 0.7345983765512575 0.738099120143571 0.109250631037097 0.11742762483353282
1 0.4250020676966265 0.6501491592336734 0.10047502461060613 0.11002079488376175
1 0.5677207651102018 0.6779883529435008 0.09697795157021041 0.12355746308841127
1 0.18691469748008224 0.5035902542810142 0.104480563011266 0.08721429303818233
1 0.8324017275674718 0.8540093304636134 0.2975522645814763 0.22370721829221552
1 0.5236070522572204 0.6845990368355755 0.19428486058312586 0.15144184161310292
1 0.2837693139357028 0.5981963818829164 0.24558894780928667 0.17624640495265922
1 0.2657420426238019 0.40910389111081347 0.34094456340697743 0.2707924516820004