1 0.40078125 0.8203125 0.08125 0.18125
1 0.5828125 0.83203125 0.1015625 0.1234375
1 0.1625 0.8453125 0.1140625 0.1375
1 0.0953125 0.69453125 0.0703125 0.1375
1 0.2578125 0.54375 0.075 0.125
1 0.1578125 0.49921875 0.084375 0.1328125
1 0.46875 0.40703125 0.075 0.1109375
1 0.32734375 0.52734375 0.0859375 0.13125
1 0.446875 0.20546875 0.1046875 0.184375
1 0.3453125 0.3640625 0.2296875 0.2421875
1 0.49140625 0.49765625 0.2375 0.259375
1 0.56640625 0.678125 0.29375 0.23125
1 0.27265625 0.6734375 0.2484375 0.23125
1 0.39140625 0.49765625 0.7125 0.875