1 0.6102071743343652 0.8796749724316157 0.10772807960891129 0.1390403566887187
1 0.5737291032285698 0.7742390734203515 0.06600510433779902 0.1283870799535137
1 0.5847890255503224 0.627260166615417 0.06488179444624383 0.1314028193098519
1 0.5311488315805496 0.6529050227999328 0.07957774498846888 0.14790190445914603
1 0.3188853022098739 0.5846856284802454 0.08983112520535866 0.1548074683211162
1 0.29601370793611187 0.6751413836760255 0.06923144281956928 0.08529264381548422
1 0.7423058841191922 0.5261068480618695 0.08961153015113617 0.1532449683211162
1 0.8462881804960999 0.6439988244287576 0.10292232303645932 0.09383711733238069
1 0.707597325788558 0.7139785526372311 0.2538176213440309 0.1987645539746133
1 0.42984397108101613 0.77423408355981 0.2948818114524759 0.20473033070981844
1 0.5781674227734444 0.6902300601787996 0.7544004876765307 0.5571219012801784