1 0.3550288160651971 0.55078125 0.12340580692211614 0.190625
1 0.18486405049393673 0.41953125 0.36972810098787345 0.396875
1 0.4924872765821265 0.53203125 0.1038884034164731 0.184375
1 0.5801524344921162 0.5625 0.10037970166365148 0.18125
1 0.763701644942168 0.41015625 0.4357613418447926 0.5203125
1 0.6995560659760269 0.37265625 0.18393191218058097 0.2
1 0.9050505089201556 0.29609375 0.13267003496726132 0.240625
1 0.4806409080660373 0.3421875 0.3718433069221163 0.190625
1 0.39347422395289416 0.53671875 0.33085829806883815 0.353125
1 0.2216920724153527 0.4171875 0.4433841448307054 0.459375
1 0.751201644942168 0.41015625 0.44360153483350634 0.5078125
1 0.4608110353239419 0.471875 0.38431161384423246 0.38125