1 0.3390625 0.19453125 0.090625 0.1109375
1 0.2984375 0.3171875 0.075 0.075
1 0.51796875 0.36875 0.06875 0.059375
1 0.521875 0.46953125 0.090625 0.0609375
1 0.534375 0.51953125 0.121875 0.065625
1 0.58828125 0.65 0.1078125 0.046875
1 0.62890625 0.93984375 0.075 0.059375
1 0.65625 0.7515625 0.09375 0.0984375
1 0.6140625 0.4671875 0.0875 0.0890625
1 0.621875 0.59765625 0.1 0.0859375
1 0.51015625 0.24609375 0.0671875 0.09375
1 0.74765625 0.8453125 0.16875 0.26875
1 0.63359375 0.55703125 0.115625 0.175
1 0.58515625 0.33671875 0.13125 0.221875
1 0.41484375 0.31484375 0.20625 0.30625