1 0.8046875 0.734375 0.109375 0.075
1 0.73515625 0.640625 0.096875 0.046875
1 0.39609375 0.834375 0.1125 0.0625
1 0.40625 0.7703125 0.128125 0.05625
1 0.365625 0.6078125 0.08125 0.078125
1 0.83671875 0.5046875 0.0921875 0.06875
1 0.83046875 0.390625 0.078125 0.1171875
1 0.82578125 0.2296875 0.0703125 0.053125
1 0.8234375 0.30703125 0.059375 0.0453125
1 0.82109375 0.046875 0.1 0.0921875
1 0.890625 0.89609375 0.08125 0.0546875
1 0.87578125 0.9625 0.125 0.075
1 0.7453125 0.9171875 0.121875 0.14375
1 0.74140625 0.5046875 0.0765625 0.1546875
1 0.2609375 0.79609375 0.1328125 0.1296875
1 0.28359375 0.52421875 0.125 0.0796875
1 0.73671875 0.2515625 0.1 0.128125
1 0.7515625 0.0921875 0.125 0.1375
1 0.70078125 0.70625 0.10625 0.1296875
1 0.725 0.36796875 0.10625 0.0921875
1 0.3265625 0.76640625 0.3046875 0.2171875
1 0.30234375 0.55546875 0.265625 0.1671875
1 0.7953125 0.91484375 0.2859375 0.165625
1 0.759375 0.675 0.2625 0.15625
1 0.79765625 0.51875 0.25 0.1625
1 0.7859375 0.21484375 0.2265625 0.425