1 0.265625 0.1953125 0.07578125 0.11015625
1 0.359375 0.26484375 0.04765625 0.09609375
1 0.165625 0.60390625 0.06328125 0.11328125
1 0.2296875 0.59375 0.05625 0.12890625
1 0.3921875 0.634375 0.07890625 0.08046875
1 0.4953125 0.16328125 0.06875 0.0921875
1 0.609375 0.16953125 0.1171875 0.07890625
1 0.7703125 0.17421875 0.05390625 0.0703125
1 0.69296875 0.1765625 0.0453125 0.06015625
1 0.953125 0.17890625 0.0921875 0.10078125
1 0.10390625 0.109375 0.0546875 0.08125
1 0.0375 0.12421875 0.07421875 0.125
1 0.0828125 0.2546875 0.14296875 0.12109375
1 0.4953125 0.25859375 0.1546875 0.0765625
1 0.20390625 0.7390625 0.1296875 0.1328125
1 0.47578125 0.71640625 0.0796875 0.12578125
1 0.7484375 0.26328125 0.12890625 0.09921875
1 0.9078125 0.2484375 0.13828125 0.125
1 0.29375 0.29921875 0.1296875 0.10546875
1 0.63203125 0.275 0.0921875 0.10546875