1 0.9287769797041653 0.46000958835906036 0.1258296631477993 0.23579763527271586
1 0.47768958684561014 0.7007137468765003 0.15540806899199797 0.23179721950581325
1 0.12410884496328498 0.6117285601631808 0.16605919683301934 0.21621976369695445
1 0.38355856818121903 0.06409224579488647 0.138968816963403 0.12818449158977294
1 0.3845945572208751 0.43162204999071124 0.1467870454530477 0.22958352406991658
1 0.16007797808260743 0.25625 0.3196104853862081 0.5125
1 0.9787711117074309 0.5971534682331916 0.04245777658513816 0.6607016242750536
1 0.718974880270063 0.8099424238415576 0.4336791193163094 0.3059380722097501
1 0.40479537783443087 0.9166715562144885 0.15031937418757338 0.11906042116548718
1 0.6417507179363378 0.24904957748486653 0.509908202918804 0.49809915496973306
1 0.1795129598153676 0.8727243371328826 0.1594779602257 0.24146821743122082
1 0.05165101257531114 0.8526863695011689 0.0784831047058129 0.29462726099766207