1 0.484511512871762 0.33635658521705925 0.1019330433659487 0.2038095354793626
1 0.21565938217243819 0.5924900564459368 0.10762601369695446 0.16582838584218215
1 0.13558448632626746 0.7762326285857881 0.11959321743122087 0.15923364546082902
1 0.4690589145407246 0.7113218688823231 0.10382743008855702 0.22880953547936259
1 0.5694677759440164 0.40310508639818554 0.11799667386477956 0.24099207694917482
1 0.6007806659906171 0.609590699374877 0.11592468838692689 0.21364832694917482
1 0.9076576280232533 0.576158118164533 0.1192990647365729 0.2581795769491748
1 0.9881282846048594 0.8095757641735162 0.023743430790281295 0.1604588395630465
1 0.7447818875710229 0.7526090346767542 0.111069399794863 0.0981597362050021
1 0.3779216612167323 0.5319915221477005 0.33763374502562254 0.20892365453132164
1 0.6750451149509987 0.5145658868536725 0.1605608369323898 0.12404267912609299
1 0.7500236493938777 0.6357117113557766 0.25801617738926463 0.14536709681944054
1 0.9163166973099965 0.6234497804155851 0.16736660538000692 0.16674109981466553
1 0.28720618591134894 0.7717211994596951 0.13489798610255282 0.1247048780376339