1 0.2125 0.38515625 0.05625 0.14375
1 0.3359375 0.41796875 0.09140625 0.14375
1 0.15859375 0.2546875 0.11484375 0.109375
1 0.496875 0.4125 0.0578125 0.1234375
1 0.6640625 0.49296875 0.09765625 0.13359375
1 0.7890625 0.4703125 0.07734375 0.0890625
1 0.93125 0.471875 0.1296875 0.10859375
1 0.52890625 0.26953125 0.25625 0.15078125
1 0.3015625 0.2609375 0.153125 0.121875
1 0.8125 0.35078125 0.2140625 0.115625
1 0.240625 0.33125 0.29140625 0.29296875
1 0.55546875 0.3734375 0.27890625 0.34296875
1 0.83359375 0.40625 0.2765625 0.275