1 0.384375 0.7984375 0.128125 0.059375
1 0.753125 0.6203125 0.140625 0.0671875
1 0.678125 0.35546875 0.125 0.0453125
1 0.503125 0.4875 0.071875 0.065625
1 0.615625 0.33828125 0.090625 0.053125
1 0.684375 0.6796875 0.1203125 0.053125
1 0.62109375 0.51171875 0.14375 0.08125
1 0.43515625 0.55390625 0.11875 0.0765625
1 0.378125 0.653125 0.1234375 0.04375
1 0.425 0.5984375 0.1125 0.053125
1 0.5078125 0.6671875 0.109375 0.06875
1 0.703125 0.57734375 0.171875 0.184375
1 0.66796875 0.43515625 0.1328125 0.153125
1 0.32109375 0.30390625 0.0828125 0.034375
1 0.465625 0.353125 0.246875 0.215625
1 0.54609375 0.68046875 0.171875 0.2515625
1 0.471875 0.78828125 0.165625 0.24375
1 0.365625 0.90234375 0.2546875 0.184375