1 0.615625 0.7984375 0.128125 0.059375
1 0.246875 0.6203125 0.140625 0.0671875
1 0.321875 0.35546875 0.125 0.0453125
1 0.496875 0.4875 0.071875 0.065625
1 0.384375 0.33828125 0.090625 0.053125
1 0.315625 0.6796875 0.1203125 0.053125
1 0.37890625 0.51171875 0.14375 0.08125
1 0.56484375 0.55390625 0.11875 0.0765625
1 0.621875 0.653125 0.1234375 0.04375
1 0.575 0.5984375 0.1125 0.053125
1 0.4921875 0.6671875 0.109375 0.06875
1 0.296875 0.57734375 0.171875 0.184375
1 0.33203125 0.43515625 0.1328125 0.153125
1 0.67890625 0.30390625 0.0828125 0.034375
1 0.534375 0.353125 0.246875 0.215625
1 0.45390625 0.68046875 0.171875 0.2515625
1 0.528125 0.78828125 0.165625 0.24375
1 0.634375 0.90234375 0.2546875 0.184375
1 0.4828125 0.59609375 0.73125 0.790625