1 0.7634076353160496 0.29468661715715366 0.12439396424430509 0.05841306956195354
1 0.6194028016766883 0.22461405379938632 0.1859691930324779 0.07048673466476121
1 0.669068219704317 0.14964155094939477 0.1638391015172088 0.06583208565349699
1 0.7948650583446482 0.24691575267476465 0.24330268728260193 0.27801501139996637
1 0.3513854806243405 0.4641400015894838 0.10121155575957416 0.059899159907027585
1 0.16726634576733287 0.2491591298176278 0.21600737939699582 0.09589092625067241
1 0.3779165454677705 0.3271427461416022 0.479941560011638 0.34116984730556493
1 0.48006820320359533 0.5486410517056994 0.10408146424430509 0.05699268119435104
1 0.5729252539621997 0.5696476843733187 0.356759151526907 0.3356632564562879
1 0.3674567618381075 0.50701591644019 0.3599483112195859 0.22247484160558173
1 0.7340710795564753 0.24330978745574142 0.40267768728260195 0.2891595970534633