1 0.7730532439688673 0.509401417240017 0.1117953173874973 0.1837848493799445
1 0.43495240495039156 0.3217057047831736 0.13479522046570533 0.18087333693238988
1 0.15234638061604552 0.39077040041956285 0.13987829534092677 0.1688469336130419
1 0.322921120217158 0.8222608892214079 0.11558540099822859 0.10805114357108536
1 0.3461458793682598 0.5313398912960006 0.12683685482510806 0.17871884108157482
1 0.2245640297431004 0.943184082783205 0.1295860794507723 0.11363183443359012
1 0.1484431594220444 0.6665633058135032 0.2968863188440888 0.4105645273939089
1 0.8289201994601344 0.8749836088274676 0.21365197171349096 0.25003278234506465
1 0.8902542782865088 0.3664345124707766 0.213095577786385 0.6041458161864653
1 0.6323823797838518 0.19583305686241043 0.36150600915110187 0.31596242241488715
1 0.3924149866889393 0.11156018756173414 0.1307950266221214 0.17126153859206378
1 0.5360181170971888 0.6802663338321121 0.4253410224621625 0.4014747925407562
1 0.2100277608154893 0.18585868008855697 0.13694118302809466 0.18724173610255282
1 0.07890625 0.1591041580932327 0.1578125 0.3182083161864654
1 0.5 0.5 1 1
1 0.5435932306578067 0.5738387350768676 0.5760751967547474 0.653371024494124
1 0.19769463747937185 0.65859375 0.3953892749587437 0.6828125
1 0.5619969469635532 0.19128634420507434 0.5181936060728937 0.33248983943118954
1 0.1328125 0.16865767946385704 0.265625 0.3373153589277141