1 0.1953125 0.265625 0.109375 0.075
1 0.26484375 0.359375 0.096875 0.046875
1 0.60390625 0.165625 0.1125 0.0625
1 0.59375 0.2296875 0.128125 0.05625
1 0.634375 0.3921875 0.08125 0.078125
1 0.16328125 0.4953125 0.0921875 0.06875
1 0.16953125 0.609375 0.078125 0.1171875
1 0.17421875 0.7703125 0.0703125 0.053125
1 0.1765625 0.69296875 0.059375 0.0453125
1 0.17890625 0.953125 0.1 0.0921875
1 0.109375 0.10390625 0.08125 0.0546875
1 0.12421875 0.0375 0.125 0.075
1 0.2546875 0.0828125 0.121875 0.14375
1 0.25859375 0.4953125 0.0765625 0.1546875
1 0.7390625 0.20390625 0.1328125 0.1296875
1 0.71640625 0.47578125 0.125 0.0796875
1 0.26328125 0.7484375 0.1 0.128125
1 0.2484375 0.9078125 0.125 0.1375
1 0.29921875 0.29375 0.10625 0.1296875
1 0.275 0.63203125 0.10625 0.0921875