1 0.18684054591027682 0.6427772277456334 0.11199201734563582 0.1009814604824097
1 0.3090240812380953 0.6719517749587437 0.07587270401018138 0.08200155074867155
1 0.3631410586012303 0.4476069588190321 0.060174978675999566 0.07429289434269819
1 0.4639677619350939 0.4342923750005049 0.06199201734563573 0.09631375998329546
1 0.5141132126034573 0.4171246745013907 0.06704314401654479 0.1280013569050876
1 0.6452092186107754 0.35103864351151426 0.048129512014635625 0.11218846921791972
1 0.9355256832829568 0.2833555671807111 0.06024770401018102 0.08054289434269819
1 0.7475626066200022 0.2735886268726883 0.09796588001272663 0.10279366971703396
1 0.4626967106142752 0.3423236734614009 0.09008065467854501 0.09581434151404729
1 0.5932563672820024 0.32233139247152454 0.08710110534690844 0.10802261023285267
1 0.24039390193350307 0.46686991160592184 0.09453179734245412 0.07593943843583925
1 0.8423762146324106 0.17343043843684908 0.2707135840229082 0.1938388901827393
1 0.5527677272835932 0.31440514912705486 0.17634541868236298 0.13196195174690004
1 0.33189160594368444 0.38340970445127726 0.22340223201781734 0.15196292096481967
1 0.3080348405872309 0.5557643234196397 0.30864993602799873 0.23483966555707508
1 0.2869410905872309 0.5577335095677036 0.35679762937617987 0.34859063477499463
1 0.3658938886060028 0.4122319103581361 0.28085220003181666 0.2603390840263232
1 0.5712540979471843 0.33531101143988706 0.2013101507001803 0.2653999363558598
1 0.8552483846276381 0.20734683049177183 0.2842317387014532 0.28250581530751784