0 0.43125 0.196875 0.1296875 0.184375
0 0.33671875 0.48515625 0.115625 0.34375
0 0.453125 0.5484375 0.053125 0.0875
0 0.56640625 0.58046875 0.0625 0.134375
0 0.73203125 0.21015625 0.36875 0.2734375
0 0.51328125 0.3765625 0.2453125 0.2625
0 0.47890625 0.7859375 0.1 0.1578125
0 0.2734375 0.728125 0.0296875 0.0796875
0 0.29921875 0.78828125 0.1046875 0.234375
0 0.4484375 0.6328125 0.075 0.090625
0 0.3421875 0.64609375 0.190625 0.1296875
0 0.5390625 0.340625 0.74375 0.6328125
0 0.384375 0.73828125 0.3265625 0.3640625