1 0.5453125 0.6421875 0.075 0.1765625
1 0.796875 0.42578125 0.084375 0.14375
1 0.87890625 0.2671875 0.09375 0.1375
1 0.5828125 0.3140625 0.075 0.196875
1 0.47578125 0.58125 0.0875 0.2078125
1 0.46171875 0.39921875 0.0875 0.184375
1 0.19140625 0.41875 0.0875 0.2234375
1 0.10859375 0.2109375 0.0671875 0.1390625
1 0.3453125 0.26953125 0.090625 0.0828125
1 0.6515625 0.4734375 0.2828125 0.1734375
1 0.38984375 0.4796875 0.1328125 0.103125
1 0.3328125 0.371875 0.2171875 0.1203125
1 0.15234375 0.37578125 0.203125 0.140625
1 0.74609375 0.26640625 0.109375 0.10625
1 0.50078125 0.44140625 0.9140625 0.565625