1 0.88125 0.45546875 0.1203125 0.11796875
1 0.728125 0.43046875 0.20546875 0.1953125
1 0.54375 0.40390625 0.13828125 0.14921875
1 0.1859375 0.37265625 0.12890625 0.21015625
1 0.2984375 0.37734375 0.16796875 0.15625
1 0.24140625 0.30234375 0.03359375 0.0640625
1 0.1375 0.4234375 0.0328125 0.0515625
1 0.35859375 0.37109375 0.04296875 0.12109375
1 0.28828125 0.41328125 0.0359375 0.0421875
1 0.2296875 0.35390625 0.03046875 0.040625
1 0.221875 0.4078125 0.034375 0.04375
1 0.58359375 0.4375 0.0234375 0.03984375
1 0.49609375 0.434375 0.0359375 0.03046875
1 0.81484375 0.409375 0.0328125 0.09296875
1 0.58828125 0.38046875 0.03046875 0.0453125
1 0.79453125 0.45859375 0.059375 0.04609375
1 0.6484375 0.465625 0.05234375 0.06484375
1 0.909375 0.43203125 0.03046875 0.04453125
1 0.86640625 0.48125 0.025 0.0375
1 0.92734375 0.4796875 0.025 0.03828125