1 0.7010582354411536 0.21882310145610676 0.25681972067350145 0.3531325028393738
1 0.834092164518095 0.5959737568932683 0.24867225582333674 0.27421261606989855
1 0.8432225089443156 0.8331178319776414 0.1919030378532028 0.33376433604471706
1 0.636118326124017 0.8319490239426921 0.22456967221260538 0.3361019521146158
1 0.5066037603998973 0.5331332430968458 0.22287241784485037 0.38217907467404083
1 0.522862725665654 0.09911675324311559 0.22380579866869202 0.18330124391092004
1 0.8456030197587951 0.07031919195846012 0.2150439604824097 0.11451033360249455
1 0.8754327508321937 0.24534251135749513 0.24913449833561252 0.46297510714144485
1 0.9654148897671473 0.10292891476606181 0.0664717061146547 0.14389605032431155
1 0.31703799979220404 0.1831666505658976 0.2861635675952933 0.3583245633099551
1 0.49507774417666345 0.2793945884704632 0.22556729762870234 0.23559044683301938
1 0.06171875 0.11826480478853843 0.1234375 0.23652960957707686
1 0.1290064590268281 0.19396996266133196 0.2017663450496085 0.28977338636243805
1 0.21397724438445936 0.09685522930042344 0.20329551123108125 0.18918305113509046
1 0.036184786189825 0.4391267297074606 0.07236957237965 0.35325345941492114
1 0.1151108356907107 0.5269733774339843 0.2302216713814214 0.32714670129724616
1 0.3043872880620085 0.4192677917995996 0.2691417327367763 0.3096688749983523
1 0.26257940557478926 0.6994638064100963 0.29155817325259503 0.29914047808260735
1 0.08389922317008257 0.8356119918823252 0.16779844634016514 0.31184898376465037
1 0.21263759255504683 0.9041301668012472 0.2026082050746652 0.19173966639750545
1 0.4926477346099697 0.9193444288743526 0.3196597391845106 0.16131114225129473
1 0.527130212771195 0.765900878648505 0.2245165388931923 0.2995302159077429