1 0.9003742524226631 0.8731880875969005 0.10310212873234689 0.25362382480619916
1 0.7112074816395427 0.7487130259043948 0.0733825056999832 0.11514294108527139
1 0.720166854419805 0.6205880259043948 0.1049767131253363 0.1109455968530824
1 0.8211723435240417 0.7023968352805486 0.2913176767548755 0.3733220882152093
1 0.6725930958698302 0.7846912962624604 0.0977705005042031 0.15248225478036198
1 0.5322905239620882 0.8047360811184955 0.12226775595208465 0.19138406847545256
1 0.49445775217056154 0.9338841024040242 0.08658162822814397 0.13223179519195155
1 0.5078307453852975 0.6046266571520871 0.11134096362953941 0.2575702729789594
1 0.5563557266958641 0.6289245527408653 0.23269107576613984 0.39134210055371027
1 0.31903640713391057 0.7156060402523996 0.486520188154842 0.5687879194952007
1 0.16994869711066746 0.7006868221760802 0.12713520843375922 0.2943588741509785
1 0.3220946132218813 0.3541598804725 0.1484424898605413 0.15417396514396486
1 0.1583984375 0.3257881492894061 0.316796875 0.6515262338039876
1 0.25997057970141224 0.04177169956626129 0.10115259059717552 0.05625809685308256