1 0.7137904015269071 0.3165043031745716 0.3156881281890479 0.19393284894328655
1 0.3761315495506564 0.14040384884509075 0.25140222970625664 0.24822037314378345
1 0.16224452167086928 0.11260960518980254 0.3219381281890478 0.19396921037960507
1 0.17751806167862796 0.3188505148307229 0.3165173045516262 0.16582602966144586
1 0.45345829259283243 0.45632883069471813 0.33826475879399176 0.1643907946885605
1 0.8703756281890478 0.47919117641655096 0.25924874362190453 0.1813783067888089
1 0.8896841243960261 0.20436843841860344 0.22063175120794795 0.17789878278470378
1 0.87890625 0.05667582698228496 0.2421875 0.10453400565734075
1 0.6927769156117327 0.15474010137917354 0.4376906739466822 0.19620439695149677
1 0.797767562427534 0.09209972169428657 0.12672173879011234 0.06008404800821019
1 0.7689551021454285 0.6479179296380048 0.33010131455356595 0.21744307181592362
1 0.673132934866706 0.48806114060678496 0.21428512485506807 0.1761635659621911
1 0.8649220800155174 0.9062122186692244 0.27015583996896525 0.15471581283893307
1 0.7664673151817857 0.8087645260472087 0.25755689273291543 0.1514271863754999
1 0.8792559048608869 0.744716182466675 0.24148819027822627 0.1624828610435351
1 0.5637245656408277 0.9252005087805987 0.3139344384905499 0.1495989824388026
1 0.4806095635147957 0.7985117855151783 0.2930478536432407 0.184430583916172
1 0.5629123962360731 0.639691297419035 0.2793360400077587 0.2077771803253757
1 0.3233715351759667 0.6515726321207739 0.2716191348570076 0.22803513817089804
1 0.21737598200146638 0.8453948341125637 0.2841191348570076 0.22810786104353512
1 0.14188229017693654 0.6762857649289188 0.18631962152108805 0.15882152985783762
1 0.11123897062240082 0.43481588241536145 0.17299018728260193 0.2633817648307229
1 0.2512422172884209 0.4184510599120669 0.2668999418245298 0.17022263817089806
1 0.5 0.5 1 1