1 0.1171875 0.06171875 0.090625 0.053125
1 0.1046875 0.02421875 0.090625 0.034375
1 0.2796875 0.06484375 0.265625 0.1296875
1 0.40234375 0.253125 0.0875 0.0515625
1 0.50234375 0.253125 0.08125 0.0765625
1 0.44375 0.16640625 0.2796875 0.21875
1 0.371875 0.28125 0.115625 0.06875
1 0.34921875 0.38984375 0.14375 0.0859375
1 0.22109375 0.41328125 0.153125 0.059375
1 0.5046875 0.4203125 0.196875 0.0734375
1 0.48828125 0.38125 0.296875 0.1625
1 0.378125 0.5609375 0.484375 0.3484375
1 0.4125 0.67890625 0.225 0.084375
1 0.690625 0.57890625 0.1140625 0.109375
1 0.71875 0.7703125 0.525 0.3359375
1 0.95625 0.64453125 0.0875 0.078125