1 0.6385073155617655 0.009121311486912864 0.07230197510489074 0.01824262297382573
1 0.6564895661864654 0.08247760130822193 0.0919991684661948 0.06960228321633836
1 0.564005145645678 0.05634128618378682 0.16318892946385705 0.11268257236757365
1 0.6551773651514914 0.17957581662411232 0.10341026514684692 0.07713069361838065
1 0.6744144624568434 0.2774248411933527 0.0872883576783142 0.0891842629865999
1 0.5603034956503224 0.22770894521377566 0.21647895020978147 0.11822242769623817
1 0.6244153850722232 0.33528807817484685 0.15407403859206373 0.13260959534141908
1 0.680253755822792 0.47930187153796033 0.08466026514684692 0.07493913292916528
1 0.7159087585220844 0.5649857154754201 0.1248116684661948 0.07343751442246518
1 0.6832631244987684 0.6334313368538508 0.10909158008391255 0.0499188439055537
1 0.6851225450395557 0.6891740319400027 0.11027557178554268 0.0655438439055537
1 0.694759499398522 0.7747462718251334 0.07388778589277152 0.03496348264199227
1 0.7608473633006135 0.8355924495851836 0.09933807178554285 0.06426543350351147
1 0.6579465836316194 0.8089995232609988 0.1263275468904336 0.11387988436503065
1 0.6178525346665935 0.7167410044671257 0.18534734937994451 0.11613232654754597
1 0.623981367650291 0.5583907588066277 0.12599750539858476 0.19127436413529217
1 0.5792632927412487 0.0697442919591541 0.27973781203728054 0.1394885839183082
1 0.607759758722577 0.29230918366304104 0.268091762247062 0.2884131791321035
1 0.6724682570721919 0.667796192342045 0.31369137262466856 0.4609984103382304