1 0.1819281695363867 0.8331467277042703 0.05880398338978514 0.04590236188449914
1 0.23956052624705954 0.8879327806704775 0.07400831795350467 0.043869968321116205
1 0.2179557411810503 0.8012193845092048 0.05588931610792534 0.047246340597175515
1 0.2793590914321951 0.8394899268317502 0.13118962114237398 0.12371028763096845
1 0.2636437218024662 0.7492691184176614 0.07704314698048602 0.05491672896477802
1 0.21938268673645706 0.6641400015894838 0.08485564698048602 0.05546303218308672
1 0.2748363420220505 0.6316281503486466 0.10630998154420564 0.053867681194351036
1 0.34331622641641485 0.7553063149472512 0.09882797600746737 0.06727461733238052
1 0.31397411693737287 0.6915769507169637 0.16505378473307494 0.13381726114786474
1 0.38751608799795734 0.40396233623457467 0.14489163590700943 0.08752141535490914
1 0.24878428111792922 0.4802184696584987 0.060576816107925244 0.047574122528160775
1 0.25718259445748537 0.42932795901483695 0.18076895570609358 0.12408162822814398
1 0.2643037174454388 0.3189367622331456 0.13070897416188795 0.07414733020561534
1 0.27633756920922875 0.15480320641694686 0.14314879396097213 0.109068633423924
1 0.40291536258034544 0.25507136816555986 0.19296825335822448 0.21470662822814388
1 0.3165266104018317 0.047435415771498825 0.13698896493399076 0.09487083154299765
1 0.42791486593857 0.0699470592088307 0.16448276812286 0.1398941184176614
1 0.2787428900071157 0.752082761981044 0.2917058597359631 0.3732946604112307
1 0.3448624397617473 0.2623200475183255 0.42235445504022506 0.524640095036651