1 0.14609375 0.703125 0.0421875 0.05234375
1 0.08671875 0.6375 0.0390625 0.06875
1 0.17578125 0.67109375 0.04296875 0.05078125
1 0.1328125 0.60390625 0.11484375 0.11640625
1 0.225 0.63203125 0.05 0.0703125
1 0.3140625 0.68828125 0.04921875 0.07734375
1 0.34296875 0.63671875 0.04765625 0.1
1 0.21328125 0.55078125 0.0609375 0.09140625
1 0.2796875 0.5890625 0.1234375 0.1484375
1 0.56484375 0.55390625 0.078125 0.134375
1 0.49765625 0.68359375 0.04453125 0.0546875
1 0.5484375 0.68203125 0.11328125 0.16640625
1 0.659375 0.68984375 0.065625 0.12109375
1 0.82421875 0.7 0.10078125 0.1296875
1 0.7140625 0.55859375 0.20234375 0.16484375
1 0.93125 0.67421875 0.0890625 0.12578125
1 0.9171875 0.5609375 0.16484375 0.1421875
1 0.22109375 0.61640625 0.35546875 0.24453125
1 0.7296875 0.61875 0.53671875 0.35078125