1 0.06640625 0.628125 0.1328125 0.15
1 0.30546875 0.6875 0.0921875 0.19765625
1 0.4 0.49296875 0.096875 0.17578125
1 0.28828125 0.340625 0.1 0.1859375
1 0.4 0.3203125 0.10546875 0.1328125
1 0.51640625 0.340625 0.1203125 0.16171875
1 0.4875 0.63125 0.1328125 0.1859375
1 0.83046875 0.51015625 0.075 0.1484375
1 0.8671875 0.3140625 0.14296875 0.21171875
1 0.428125 0.1875 0.2890625 0.20625
1 0.1859375 0.40703125 0.2921875 0.38359375
1 0.67109375 0.2921875 0.2171875 0.20234375
1 0.4796875 0.44453125 0.9109375 0.73359375