1 0.6648906448589473 0.35318595360562616 0.18035666394474284 0.16191154620293827
1 0.4815683486422708 0.21182026723038402 0.0972573793969957 0.09184254333120752
1 0.7019423006379182 0.9208401732610184 0.15975737939699589 0.09914774562859208
1 0.5626887398773741 0.8264103683790763 0.275637470912265 0.11578736987875367
1 0.4730051312331637 0.6093243207083667 0.27088606909549373 0.15237421959158048
1 0.4134395862244352 0.37254468921506684 0.298946651526907 0.34446026005105734
1 0.25404745032865744 0.7044440172941959 0.21689942607271426 0.34415586700702294
1 0.5878821215210881 0.22502036113593776 0.1889980824314133 0.21089693637524212
1 0.6519590497198342 0.6782163871410435 0.17091776212797144 0.19795050574346132
1 0.5256048753141099 0.35315549843651095 0.659245906986919 0.5304992628589762
1 0.46517614002715535 0.7518161560625403 0.7336081781987464 0.49636768787491936