1 0.7478514803147618 0.4081784074750233 0.24659060763235843 0.34597391150931606
1 0.9142238278648293 0.7741482865379847 0.17155234427034144 0.2794045712732675
1 0.9552454417882992 0.9150836957010355 0.08950911642340173 0.16983260859792892
1 0.8127624377540063 0.9035505429953762 0.21077001884122454 0.19289891400924758
1 0.6344720176967604 0.6793987167096316 0.21661638544351974 0.36977558662376264
1 0.552495728569397 0.21554548597286288 0.22754716469959532 0.31740056272533773
1 0.8413422385622414 0.2212176506724582 0.21705947712448292 0.25381768540774097
1 0.9650390625 0.24448241241066712 0.069921875 0.24957327708870397
1 0.8947662373283304 0.43899203653798474 0.21046752534333918 0.4765432039485152
1 0.9667916850769014 0.3296699363090919 0.06641662984619714 0.13861268757511258
1 0.39090586762520285 0.3330457249571111 0.274282163977138 0.3641355620028805
1 0.5717984132546808 0.4431446842632769 0.21406629346210657 0.23652964296854204
1 0.10590598711732695 0.20801212123748886 0.19755803738199856 0.3112362000357788
1 0.22114225884838018 0.32733263833334847 0.19471975957083743 0.2832117424749777
1 0.271872072718182 0.1901871654220525 0.20690994786840716 0.30629325174536476
1 0.13623706621606718 0.5392159422103061 0.1773609849499554 0.33936938442061226
1 0.2697288101359593 0.6332266476037356 0.23263683445639094 0.3211288173605313
1 0.4261895430400996 0.5534818569099014 0.2563066932332136 0.30804046785409567
1 0.44520550553654453 0.8087033430043208 0.2769751839628265 0.30148065615166536
1 0.2517705743419902 0.8769877592703871 0.27259749566525676 0.24602448145922579
1 0.43879767240351136 0.947893865879838 0.1860432995422144 0.10421226824032388
1 0.6973370589914951 0.9725825905364989 0.29396452636624665 0.05483481892700226
1 0.7008820611588668 0.8748831559710512 0.21535697640202542 0.25023368805789764