1 0.8296875 0.31875 0.103125 0.0921875
1 0.7890625 0.4265625 0.2796875 0.190625
1 0.69375 0.7046875 0.2890625 0.153125
1 0.7609375 0.72734375 0.121875 0.06875
1 0.61484375 0.5734375 0.2984375 0.121875
1 0.7109375 0.565625 0.046875 0.0421875
1 0.54296875 0.240625 0.2546875 0.13125
1 0.45234375 0.3171875 0.184375 0.1953125
1 0.575 0.478125 0.1859375 0.15625
1 0.6578125 0.35 0.1984375 0.1359375
1 0.278125 0.47421875 0.24375 0.209375
1 0.215625 0.40625 0.078125 0.10625
1 0.43203125 0.19921875 0.1921875 0.134375
1 0.28515625 0.2578125 0.28125 0.1234375
1 0.22890625 0.1765625 0.228125 0.15625
1 0.334375 0.159375 0.21875 0.1109375
1 0.1875 0.10703125 0.2796875 0.15625
1 0.0796875 0.0515625 0.159375 0.090625
1 0.04375 0.18125 0.0875 0.1984375
1 0.07734375 0.36328125 0.1546875 0.2109375
1 0.1953125 0.5859375 0.2375 0.165625
1 0.0640625 0.66796875 0.128125 0.2109375
1 0.48125 0.7734375 0.190625 0.2125
1 0.31015625 0.8390625 0.196875 0.15
1 0.43984375 0.59453125 0.15 0.159375
1 0.1703125 0.86953125 0.221875 0.2453125
1 0.23671875 0.95703125 0.121875 0.08125
1 0.053125 0.8625 0.10625 0.209375