1 0.80546875 0.6609375 0.1109375 0.090625
1 0.6828125 0.7015625 0.075 0.075
1 0.63125 0.48203125 0.059375 0.06875
1 0.53046875 0.478125 0.0609375 0.090625
1 0.48046875 0.465625 0.065625 0.121875
1 0.35 0.41171875 0.046875 0.1078125
1 0.06015625 0.37109375 0.059375 0.075
1 0.2484375 0.34375 0.096875 0.09375
1 0.5328125 0.3859375 0.0890625 0.0875
1 0.40234375 0.378125 0.0859375 0.1
1 0.75390625 0.48984375 0.09375 0.0671875
1 0.1546875 0.25234375 0.26875 0.16875
1 0.44296875 0.36640625 0.175 0.115625
1 0.66328125 0.41484375 0.221875 0.13125
1 0.68515625 0.58515625 0.30625 0.20625
1 0.70625 0.58515625 0.353125 0.315625
1 0.62890625 0.446875 0.278125 0.234375
1 0.42421875 0.3890625 0.1984375 0.246875
1 0.14140625 0.2875 0.28125 0.25625