0 0.4531011430673102 0.18934750324970617 0.14858876890430645 0.1866114301939279
0 0.39056620970158573 0.4792788023562017 0.15377778948260498 0.3457682418823252
0 0.5139960414017926 0.5405281737044014 0.06283661914102687 0.08842730032431163
0 0.6308324376944899 0.5705820921305017 0.07741427225229103 0.13546594155801372
0 0.7553564781155018 0.19737859700176572 0.39892538804533295 0.27831155519228024
0 0.5550758966604901 0.36760314245481335 0.2728848574230803 0.26675467207625303
0 0.5661374004988652 0.7775781603117208 0.11751559880792328 0.15955800649282176
0 0.3542520449949725 0.7233521306836905 0.03853201028914936 0.0802056972400564
0 0.3867100331544283 0.7830583672910099 0.13070076555632165 0.2362023271096728
0 0.5186733170020684 0.6249849943212524 0.08505846268177777 0.0919341298696164
0 0.4138974020502599 0.6401208449698755 0.20501900694116468 0.1330148717519414
0 0.576868445941854 0.33121562906213275 0.8138123952316928 0.6442322045403619
0 0.46631678650241304 0.7315719594182164 0.36696977249748636 0.36976266964062104