1 0.5363994553661542 0.8307010391211221 0.13401652778099055 0.06608974672063965
1 0.18532403870912567 0.6332506705105008 0.147291728804805 0.07455734396167771
1 0.28660335341643856 0.3723375039567289 0.12949616593812435 0.05186347241038014
1 0.4485024561139729 0.5135401153312611 0.07838668860004212 0.06939180913596843
1 0.3508087956688305 0.35842549016191894 0.09589636696193882 0.057874454997525596
1 0.24818251092813517 0.6962287053362098 0.12558386696193882 0.05943031094499087
1 0.3281305829401478 0.5315763851189648 0.1518120906476712 0.08878361827193722
1 0.5098819974115493 0.5835084565794053 0.12634697003338252 0.08278592378986112
1 0.5570681944091046 0.6857160877416413 0.1277786257333613 0.05021908525525039
1 0.5156196015758063 0.6285719730877487 0.11777136696193882 0.05902087516934209
1 0.4259853325662385 0.6929819538658718 0.11619676900956791 0.07448210085908258
1 0.23958764434010565 0.5929023094746528 0.19016974416202306 0.19338258706427283
1 0.28885255297353024 0.4525572704650723 0.14800644006676497 0.16008540818602893
1 0.6487509301736145 0.3394862189038772 0.08622338450478395 0.0387150192218769
1 0.4993359137235829 0.3811304070543752 0.26827054825728125 0.22856317051050085
1 0.38638624082575374 0.7042569685651929 0.19683647296682807 0.26057008706427265
1 0.4499072166971131 0.8159591084338562 0.18981127194301362 0.2524300384437538
1 0.5448392817494209 0.9183643159198024 0.27298224416202305 0.16327136816039528
1 0.4236646618829507 0.6034613933173657 0.8097003436100312 0.7930772133652686