0 0.37794673591552563 0.8120348290443982 0.18707034980688597 0.22826187626704134
0 0.5383362108726367 0.45746043765204625 0.1942372096066162 0.42346983713762576
0 0.4061024123533299 0.38094391032829145 0.07861806417025222 0.10740849990180416
0 0.27206703431327595 0.3426904522863774 0.09699570467097232 0.16528463241536145
0 0.12939749962443708 0.7990091508603216 0.25879499924887417 0.33635215309981686
0 0.3048377462088202 0.5915319523845732 0.3407427773891542 0.3243970537637468
0 0.41273382241773166 0.09425347316722453 0.14640735516453668 0.18850694633444906
0 0.6541877150858234 0.15779171487760513 0.04850530489986511 0.09786532825883124
0 0.6285680916809631 0.11628248839073092 0.15848881663807396 0.23256497678146185
0 0.4249433067667864 0.2770058440715128 0.10510311124464451 0.11302724082661779
0 0.5575234479899638 0.25984054908836474 0.25332315759657986 0.16072946350286302