1 0.41745098911324235 0.8969613781110238 0.09911958812453676 0.14200912058574672
1 0.4046666080577329 0.7907559729645872 0.059373582940740556 0.1300909863956811
1 0.4497528070682419 0.6449038430004409 0.058084485014259 0.13305176102807864
1 0.38934298736981604 0.6685150043991439 0.0719514953818516 0.1499905639688995
1 0.18937167313801034 0.5930952312432007 0.08187329952888858 0.1572259161745153
1 0.14530046145083458 0.6822867977883404 0.06335845391148132 0.08716211323369442
1 0.633101132233288 0.5498516088043316 0.08173659849212936 0.15566341617451532
1 0.7116082581050012 0.6708490920738797 0.0982802580585183 0.09702507132095199
1 0.5545681547118995 0.7355522067840281 0.244119021300833 0.20678940366998227
1 0.2584655513187978 0.7856392637775436 0.28501742337435154 0.21418426322765036
1 0.4285230645611124 0.7073240893244147 0.7273770379835176 0.5811414856423447