1 0.8396279167242554 0.3398823344123183 0.08835821080669604 0.1472689308363589
1 0.6998412011024658 0.7644697934232976 0.09912625002468083 0.16246284931542795
1 0.3881488971677098 0.6915057731945236 0.07204659315891124 0.14194476087441502
1 0.5085297059607511 0.4885505750579592 0.08623455883623272 0.08505543231923358
1 0.35909963245093884 0.6219572771488563 0.07514740197663335 0.10479492935348418
1 0.7555850736393869 0.6836071125869387 0.08084941178575722 0.13842051285158127
1 0.5545463726479852 0.6202807361226546 0.1152089951232039 0.16622451927737175
1 0.5723149510469338 0.40893205924062836 0.1064017892364955 0.13790851828878878
1 0.6754311765272091 0.3402855355146322 0.07036965688428047 0.14109984387822044
1 0.620598406927472 0.39517596536240784 0.07936174021555686 0.12826426285158127
1 0.7123413236085359 0.4849613655526882 0.09553911766629533 0.12737026631162252
1 0.643164289329049 0.7101934703053236 0.23697394610843575 0.20224954399195133
1 0.477057353048248 0.6760943374152488 0.1954092647291114 0.15706703657757756
1 0.27140171573285365 0.291517702053716 0.05279485295569462 0.09534167490485981
1 0.3500063971306885 0.45257060718691233 0.28359362749393 0.2872439679082278
1 0.73359350498786 0.5281065290888416 0.3126407598338048 0.2045561433073793
1 0.8431093873277348 0.438765503385679 0.30156901963675864 0.19789230783211575
1 0.914805741437841 0.3172658936901277 0.17038851712431793 0.2956812090109793