1 0.7592565268369149 0.663353677216649 0.04933881241676641 0.05508991439185813
1 0.8274655009988028 0.5949632421466264 0.048317139598168524 0.0705693651776464
1 0.7338808475587888 0.6327051447516603 0.05048064698048602 0.052037688998963993
1 0.7858939044388169 0.5635163430562491 0.13118962114237398 0.12101032092583353
1 0.6899204155122936 0.5959350448754948 0.05946497231630836 0.07264128742738744
1 0.5932859376592468 0.6563331974805287 0.06051663590700933 0.08045378742738744
1 0.571320667357873 0.6061170277119869 0.060336293960972044 0.10218323821317572
1 0.7125764668555833 0.5141392353222007 0.07313679765213088 0.09346320967712848
1 0.6410170652611488 0.5555134061241997 0.14341910822331805 0.15418669396136267
1 0.360593301419303 0.5336385219210188 0.0962136137600563 0.1380137303552928
1 0.4103231858136673 0.6601967138154669 0.051111645134906604 0.05672518899896399
1 0.3597522685318075 0.6609993885464072 0.13479526812286 0.1708647717116218
1 0.24776310494110657 0.673978885650923 0.08203095201493475 0.1249315334984459
1 0.08155219227319534 0.691812856700591 0.1174576156056357 0.1343450748547749
1 0.21074355326488242 0.5452759968996281 0.22542026812286 0.17508569892376152
1 0.015467995424058004 0.6710166672873423 0.030935990848116008 0.12914815260503384
1 0.049842846431525374 0.5570804458233896 0.09968569286305075 0.1499016083532208
1 0.6959299926936954 0.5801281083577301 0.3890619040298695 0.2603426104201354
1 0.23966400402409316 0.6061599929706867 0.4793280080481863 0.3750344648444148