1 0.85390625 0.703125 0.0421875 0.053125
1 0.91328125 0.6375 0.0390625 0.06875
1 0.82421875 0.67109375 0.04375 0.05
1 0.8671875 0.60390625 0.115625 0.1171875
1 0.775 0.63203125 0.05 0.0703125
1 0.6859375 0.68828125 0.05 0.078125
1 0.65703125 0.63671875 0.046875 0.1
1 0.78671875 0.55078125 0.0609375 0.090625
1 0.7203125 0.5890625 0.1234375 0.1484375
1 0.43515625 0.55390625 0.078125 0.134375
1 0.50234375 0.68359375 0.04375 0.0546875
1 0.4515625 0.68203125 0.1125 0.165625
1 0.340625 0.68984375 0.065625 0.121875
1 0.17578125 0.7 0.1015625 0.1296875
1 0.2859375 0.55859375 0.203125 0.165625
1 0.06875 0.67421875 0.0890625 0.125
1 0.0828125 0.5609375 0.165625 0.1421875