1 0.06484375 0.63359375 0.046875 0.06953125
1 0.1578125 0.64453125 0.05859375 0.0875
1 0.10234375 0.55625 0.1328125 0.15234375
1 0.25390625 0.6359375 0.06640625 0.0984375
1 0.353125 0.64765625 0.0796875 0.08125
1 0.290625 0.53828125 0.09296875 0.209375
1 0.4046875 0.59375 0.11640625 0.1453125
1 0.55390625 0.63828125 0.06640625 0.0796875
1 0.64296875 0.6671875 0.059375 0.1203125
1 0.70703125 0.6296875 0.03828125 0.10703125
1 0.7625 0.62734375 0.05390625 0.10546875
1 0.8484375 0.63046875 0.0265625 0.071875
1 0.91640625 0.69140625 0.053125 0.0953125
1 0.878125 0.59140625 0.1 0.11796875
1 0.78203125 0.55859375 0.0953125 0.17734375
1 0.62578125 0.5765625 0.17734375 0.11171875