1 0.8828125 0.93828125 0.090625 0.053125
1 0.8953125 0.97578125 0.090625 0.0359375
1 0.7203125 0.93515625 0.265625 0.1296875
1 0.59765625 0.746875 0.0875 0.0515625
1 0.49765625 0.746875 0.08125 0.0765625
1 0.55625 0.83359375 0.2796875 0.21875
1 0.628125 0.71875 0.115625 0.06875
1 0.65078125 0.61015625 0.14375 0.0859375
1 0.77890625 0.58671875 0.153125 0.059375
1 0.4953125 0.5796875 0.196875 0.0734375
1 0.51171875 0.61875 0.296875 0.1625
1 0.621875 0.4390625 0.484375 0.3484375
1 0.5875 0.32109375 0.225 0.084375
1 0.309375 0.42109375 0.1140625 0.109375
1 0.28125 0.2296875 0.525 0.3359375
1 0.04375 0.35546875 0.0875 0.078125
1 0.5 0.52890625 0.9546875 0.940625