1 0.703125 0.14609375 0.053125 0.0421875
1 0.6375 0.08671875 0.06875 0.0390625
1 0.67109375 0.17578125 0.05 0.04375
1 0.60390625 0.1328125 0.115625 0.115625
1 0.63203125 0.225 0.0703125 0.05
1 0.68828125 0.3140625 0.078125 0.05
1 0.63671875 0.34296875 0.1 0.046875
1 0.55078125 0.21328125 0.090625 0.0609375
1 0.5890625 0.2796875 0.1484375 0.1234375
1 0.55390625 0.56484375 0.134375 0.078125
1 0.68359375 0.49765625 0.0546875 0.04375
1 0.68203125 0.5484375 0.165625 0.1125
1 0.68984375 0.659375 0.121875 0.065625
1 0.7 0.82421875 0.1296875 0.1015625
1 0.55859375 0.7140625 0.165625 0.203125
1 0.67421875 0.93125 0.125 0.0890625
1 0.5609375 0.9171875 0.1421875 0.165625
1 0.61640625 0.22109375 0.24375 0.35625
1 0.61875 0.7296875 0.35 0.5375