1 0.11875 0.54453125 0.1203125 0.11796875
1 0.271875 0.56953125 0.20546875 0.1953125
1 0.45625 0.59609375 0.13828125 0.14921875
1 0.8140625 0.62734375 0.12890625 0.21015625
1 0.7015625 0.62265625 0.16796875 0.15625
1 0.75859375 0.69765625 0.03359375 0.0640625
1 0.8625 0.5765625 0.0328125 0.0515625
1 0.64140625 0.62890625 0.04296875 0.12109375
1 0.71171875 0.58671875 0.0359375 0.0421875
1 0.7703125 0.64609375 0.03046875 0.040625
1 0.778125 0.5921875 0.034375 0.04375
1 0.41640625 0.5625 0.0234375 0.03984375
1 0.50390625 0.565625 0.0359375 0.03046875
1 0.18515625 0.590625 0.0328125 0.09296875
1 0.41171875 0.61953125 0.03046875 0.0453125
1 0.20546875 0.54140625 0.059375 0.04609375
1 0.3515625 0.534375 0.05234375 0.06484375
1 0.090625 0.56796875 0.03046875 0.04453125
1 0.13359375 0.51875 0.025 0.0375
1 0.07265625 0.5203125 0.025 0.03828125