1 0.5685428228559719 0.09107310047638642 0.18490126324231468 0.1253871701447478
1 0.7603747571635638 0.41678490556568715 0.1822642787937035 0.1480262275745332
1 0.6945220391148132 0.7063071381614658 0.17044778397749968 0.15370954738729453
1 0.26057910018907293 0.5677273793871553 0.10929567049962943 0.12328344149791022
1 0.5515458527809711 0.5221301900338536 0.1800182736099071 0.13994758005112828
1 0.12662305669245238 0.676969980255294 0.14306507775694421 0.13981003948941204
1 0.41884809585374844 0.7635714998041239 0.4143713156459253 0.39073843828099725
1 0.17141496168717574 0.09170454926382697 0.3131424233743515 0.18340909852765394
1 0.7036523260367593 0.04580303507651862 0.5926953479264814 0.09160607015303723
1 0.8620741369463655 0.2085897022209533 0.275851726107269 0.3838784393533016
1 0.942467629877731 0.4435052562379497 0.11506474024453794 0.143304342434104
1 0.4002493185206474 0.3425420532849681 0.4060502591898141 0.45396811057035374
1 0.8989853637142116 0.6326282675486212 0.18865097983046297 0.15065331766815254
1 0.8837159294066195 0.7768417923145727 0.23256814118676097 0.20997741458735017
1 0.5 0.5 1 1
1 0.5067043700757863 0.32678777169343853 0.6594472442040731 0.6233459766981051
1 0.41030357252666516 0.7293467661360408 0.7199951819985178 0.5413064677279185
1 0.8601698843544675 0.2790352759826557 0.27966023129106504 0.5409268819235161
1 0.8735309936384252 0.7238670586464896 0.2529380127231494 0.3196529472511839