1 0.3578125 0.4546875 0.1765625 0.075
1 0.57421875 0.203125 0.14375 0.084375
1 0.7328125 0.12109375 0.1375 0.09375
1 0.6859375 0.4171875 0.196875 0.075
1 0.41875 0.52421875 0.2078125 0.0875
1 0.60078125 0.53828125 0.184375 0.0875
1 0.58125 0.80859375 0.2234375 0.0875
1 0.7890625 0.89140625 0.1390625 0.065625
1 0.73046875 0.6546875 0.0828125 0.090625
1 0.5265625 0.3484375 0.1734375 0.2828125
1 0.5203125 0.61015625 0.103125 0.1328125
1 0.628125 0.6671875 0.1203125 0.215625
1 0.62421875 0.84765625 0.140625 0.203125
1 0.73359375 0.25390625 0.10625 0.109375