1 0.07513447188333365 0.3835461073319083 0.1364310753224654 0.17256096466381657
1 0.32051840064493076 0.3512550181187672 0.10169370583142374 0.21949851246066618
1 0.4245013050895838 0.5687114078970301 0.10507262575930572 0.19734497465666082
1 0.3118045493900006 0.713105584456391 0.10921526510197932 0.20800393685265525
1 0.4287017618709381 0.7491801578970302 0.11339296561506948 0.1532389839270479
1 0.5500857993900006 0.7437710284120618 0.12970894984750014 0.18493733271102641
1 0.512525369109792 0.43516237328330387 0.14282719889756948 0.21310851173820905
1 0.8733018277910073 0.6085545604364097 0.08174357532246539 0.16552299391989217
1 0.9163654160312505 0.8189498899571568 0.154382947947639 0.2410786058869938
1 0.4616259774860076 0.8824230399105988 0.30658122758291684 0.23515392017880252
1 0.2031367577868755 0.6290187702861388 0.3140339709334031 0.440774051287579
1 0.7129864961033687 0.8153645633262384 0.23149030860496556 0.24087605736768686