1 0.93515625 0.36640625 0.046875 0.06953125
1 0.8421875 0.35546875 0.05859375 0.0875
1 0.89765625 0.44375 0.1328125 0.15234375
1 0.74609375 0.3640625 0.06640625 0.0984375
1 0.646875 0.35234375 0.0796875 0.08125
1 0.709375 0.46171875 0.09296875 0.209375
1 0.5953125 0.40625 0.11640625 0.1453125
1 0.44609375 0.36171875 0.06640625 0.0796875
1 0.35703125 0.3328125 0.059375 0.1203125
1 0.29296875 0.3703125 0.03828125 0.10703125
1 0.2375 0.37265625 0.05390625 0.10546875
1 0.1515625 0.36953125 0.0265625 0.071875
1 0.08359375 0.30859375 0.053125 0.0953125
1 0.121875 0.40859375 0.1 0.11796875
1 0.21796875 0.44140625 0.0953125 0.17734375
1 0.37421875 0.4234375 0.17734375 0.11171875