1 0.31875 0.8296875 0.0921875 0.103125
1 0.4265625 0.7890625 0.1921875 0.2796875
1 0.7046875 0.69375 0.153125 0.2890625
1 0.72734375 0.7609375 0.06875 0.121875
1 0.5734375 0.61484375 0.121875 0.2984375
1 0.565625 0.7109375 0.0421875 0.046875
1 0.240625 0.54296875 0.13125 0.2546875
1 0.3171875 0.45234375 0.1953125 0.184375
1 0.478125 0.575 0.15625 0.1859375
1 0.35 0.6578125 0.1359375 0.1984375
1 0.47421875 0.278125 0.209375 0.24375
1 0.40625 0.215625 0.10625 0.078125
1 0.19921875 0.43203125 0.134375 0.1921875
1 0.2578125 0.28515625 0.1234375 0.28125
1 0.1765625 0.22890625 0.15625 0.228125
1 0.159375 0.334375 0.1109375 0.21875
1 0.10703125 0.1875 0.1578125 0.2796875
1 0.0515625 0.0796875 0.090625 0.159375
1 0.18125 0.04375 0.1984375 0.0875
1 0.36328125 0.07734375 0.2109375 0.153125
1 0.5859375 0.1953125 0.165625 0.2375
1 0.66796875 0.0640625 0.2109375 0.128125
1 0.7734375 0.48125 0.2125 0.190625
1 0.8390625 0.31015625 0.15 0.196875
1 0.59453125 0.43984375 0.159375 0.15
1 0.86953125 0.1703125 0.2453125 0.221875
1 0.95703125 0.23671875 0.08125 0.121875
1 0.8625 0.053125 0.2109375 0.10625
1 0.50625 0.47421875 0.984375 0.9484375