1 0.5830132972906259 0.688930969793297 0.23489089908902622 0.20171630054030487
1 0.7721700557281466 0.5902503892159252 0.21561013103285873 0.09648316351699648
1 0.6271081039061988 0.2082886050025071 0.19493553248413775 0.1300942716843644
1 0.3761631627992062 0.22173357922660947 0.18641370435383645 0.10950895317271012
1 0.1541914482785687 0.3483407523622527 0.3083828965571374 0.12519349527549456
1 0.47962543557987897 0.43192205636111874 0.7923115626060225 0.4334227237607662
1 0.29912442532825995 0.57321672287334 0.17445934137714508 0.12469744355406327
1 0.4565041660685082 0.8562598574495779 0.9130083321370164 0.2859177851008443
1 0.2073895816312712 0.811029236120184 0.4147791632625424 0.12788696405730135
1 0.5111035478387802 0.8935391134400277 0.623298634661056 0.19655266242068806
1 0.4774205840359329 0.8609919974681113 0.9548411680718658 0.27801600506377755
1 0.44759919709744234 0.4600669037287135 0.8951983941948847 0.707991192542573