1 0.68828125 0.3125 0.3 0.1921875
1 0.36484375 0.13828125 0.23125 0.246875
1 0.153125 0.1125 0.30625 0.19375
1 0.1515625 0.31796875 0.303125 0.1640625
1 0.41640625 0.45390625 0.325 0.1625
1 0.8546875 0.47421875 0.290625 0.1796875
1 0.88515625 0.19921875 0.2296875 0.1765625
1 0.87890625 0.0515625 0.2421875 0.103125
1 0.68046875 0.15078125 0.421875 0.19375
1 0.790625 0.0875 0.121875 0.059375
1 0.71640625 0.64375 0.3125 0.215625
1 0.63359375 0.484375 0.2 0.175
1 0.79921875 0.9015625 0.2734375 0.153125
1 0.70078125 0.8046875 0.2453125 0.15
1 0.8375 0.73984375 0.265625 0.1609375
1 0.48828125 0.92421875 0.3015625 0.1515625
1 0.415625 0.79609375 0.278125 0.1828125
1 0.5109375 0.63671875 0.2625 0.20625
1 0.2703125 0.65 0.253125 0.2265625
1 0.1484375 0.84453125 0.265625 0.2265625
1 0.08671875 0.67578125 0.1734375 0.1578125
1 0.0765625 0.43515625 0.153125 0.2609375
1 0.2171875 0.4171875 0.253125 0.16875