1 0.1479096646125111 0.7942698980028581 0.09821210732251284 0.12203317314857927
1 0.25844129344230116 0.713113097130338 0.06638111449160525 0.10589472091900624
1 0.10786977650054552 0.3673246217718561 0.08630752199776492 0.1250653379992855
1 0.1749526154098396 0.37345465345073975 0.0811148465688742 0.14170653478097678
1 0.3534962597726632 0.3176859826479489 0.096573789920496 0.09100169443590289
1 0.38642001547029253 0.8116002375916274 0.08832286688130271 0.10279150025210164
1 0.5085855118857463 0.7961012877078429 0.1377418740503952 0.09233460149293897
1 0.6811750094960489 0.7793951169050521 0.06846321176484053 0.0789880134936535
1 0.5988388412362505 0.7820609310191241 0.058202300674134476 0.06744957995351371
1 0.8500964229764522 0.7613995977114156 0.06318936210190777 0.11030906930985225
1 0.024314862246627517 0.7445915981387441 0.04862972449325503 0.13950453243518818
1 0.4026820470268474 0.7099831072697966 0.1772283752452438 0.09277699790631307
1 0.1704060365498231 0.22073384503665094 0.15971617830907592 0.1502945669640635
1 0.4556578826282096 0.22552062595923 0.10473818189362216 0.1394938247577337
1 0.6714843775722004 0.685776156881809 0.15279494623180695 0.11502905632040186
1 0.8245714688711919 0.6905297228374664 0.13977534895857174 0.1411709392401228
1 0.19438785845462053 0.6820376957732851 0.15464794264726073 0.12211493664223276
1 0.5498331215979567 0.6826889977310862 0.1148041926472608 0.11932879022885849