1 0.4546875 0.3578125 0.07578125 0.1765625
1 0.203125 0.57421875 0.08359375 0.14296875
1 0.12109375 0.7328125 0.09453125 0.13671875
1 0.4171875 0.6859375 0.07578125 0.19765625
1 0.52421875 0.41875 0.0875 0.2078125
1 0.53828125 0.60078125 0.0875 0.184375
1 0.80859375 0.58125 0.0875 0.2234375
1 0.89140625 0.7890625 0.06640625 0.1390625
1 0.6546875 0.73046875 0.09140625 0.0828125
1 0.3484375 0.5265625 0.2828125 0.1734375
1 0.61015625 0.5203125 0.1328125 0.10390625
1 0.6671875 0.628125 0.21640625 0.1203125
1 0.84765625 0.62421875 0.203125 0.140625
1 0.25390625 0.73359375 0.11015625 0.10546875