1 0.45094233497406694 0.7599080055291486 0.12458400880207635 0.2511753003645808
1 0.2091700982156187 0.8016049621399521 0.14584736758448216 0.17818588161382537
1 0.7649994811353397 0.7602461185896182 0.1642913649865921 0.19796111065745414
1 0.8672660935240415 0.5509673853200703 0.1065334953084232 0.19266602205615727
1 0.6664077059127438 0.3735483733654304 0.10934713887180561 0.17745158547516376
1 0.802481599728228 0.30185882980300904 0.12395594209011414 0.18674211378358727
1 0.39933981025567417 0.22247596416629928 0.1110517505042031 0.15746753621036902
1 0.5748593442803462 0.36300728273778626 0.1262450617682834 0.18620720183499123
1 0.44188721521902324 0.040346565032934024 0.14669431956195353 0.08069313006586805
1 0.5665544434274967 0.16277057445463983 0.3255780622724867 0.32554114890927965
1 0.36045799069372053 0.34599085883455033 0.3380998416055817 0.37675929888812654
1 0.24530361221347513 0.5953995569935154 0.4090243468013618 0.34854039116544977
1 0.634021904788122 0.5483395531442644 0.35037596647953106 0.34160068988035147