1 0.9820717987985873 0.6390343299091512 0.035856402402825435 0.0690227107723885
1 0.8985766776631932 0.649430953543914 0.0670302580585183 0.0878454336450254
1 0.9366086091425458 0.5614724112912404 0.1267827817149083 0.15389768052176755
1 0.8017310719610172 0.6402781464605175 0.07423716531583331 0.09881929508134384
1 0.7035375797367116 0.6514196586589618 0.0867959539114814 0.0817136083130606
1 0.7564685071635637 0.5424082730221464 0.1120679389257404 0.20992042154477702
1 0.6472588939685174 0.5972134268093343 0.1283381964186109 0.14598518657189175
1 0.5019361235161561 0.6408765475172309 0.07259675287472192 0.08006929508134383
1 0.41540259269620244 0.6692646470496927 0.0699009798304628 0.12065793364502539
1 0.3480592678139803 0.6313919423274283 0.04835817049962943 0.10647725897699054
1 0.2923854662588414 0.6287254845801019 0.062420670499629426 0.10655907220870695
1 0.20672136833235988 0.6313505148307229 0.032850747690925795 0.07202953610435366
1 0.14408395876597088 0.6918925842107596 0.0614637632423146 0.09562157220870696
1 0.17361634241337848 0.5921152980082102 0.11038927879370349 0.11933178298109545
1 0.26683937064143415 0.5598618550916067 0.11089641819055522 0.17867951190385672
1 0.4246614325641656 0.5787396409995684 0.1879674746466664 0.11353630093507654
1 0.923825645146296 0.5762843450344617 0.15234870970740816 0.2681510780624395
1 0.6906281851560637 0.5841912520431034 0.28111046484472163 0.24994649960721665
1 0.3140848090015266 0.6179197947867564 0.4527311866166662 0.2837407583878154