1 0.7535105058710851 0.3098376576547687 0.07435066470963818 0.13366789434269818
1 0.5322848123165163 0.6952163406828633 0.08362420516911513 0.14689722254568488
1 0.2762073050733777 0.6449405667641093 0.05992290459476912 0.12923010357732245
1 0.42869312150605443 0.45761492013363564 0.07402598264199227 0.07800135690508761
1 0.26632500737076226 0.58404508881068 0.0637175433312076 0.09558443178030877
1 0.5996955348436392 0.6209234463401652 0.06718751442246536 0.12527193178030896
1 0.43912330216974116 0.5733227527043772 0.09805196528398437 0.1513350133110606
1 0.5030437790044602 0.3834468804082495 0.09044238436503065 0.12589741638926882
1 0.6089285261008236 0.31715316223031964 0.058177774537334415 0.127521737936725
1 0.5487621243777852 0.36913345965122585 0.06627436413529217 0.11745943178030896
1 0.6078327313337506 0.4455278714649437 0.08153410402042294 0.11579308818628213
1 0.4951602241544239 0.6492276457992897 0.2044643063178075 0.18908714559048398
1 0.3570819004467028 0.627345169093646 0.16864855488194214 0.14710733277853744
1 0.2663757731971869 0.292722882903821 0.04405439304403451 0.08602154409314107
1 0.2987012428844852 0.43265936522500537 0.24448054907466893 0.26700445840243037
1 0.6166395449266026 0.4825692635198665 0.2716518063178075 0.19535936813616886
1 0.7331269726547467 0.39828578431865125 0.26310878608806904 0.18838003993318217
1 0.8596083165603006 0.2813875925550468 0.21414369936184202 0.2718996455904839
1 0.5356432009891429 0.46153975811212183 0.8760958668793991 0.8050580141422448