1 0.2015625 0.615625 0.059375 0.128125
1 0.3796875 0.246875 0.0671875 0.140625
1 0.64453125 0.321875 0.0453125 0.125
1 0.5125 0.496875 0.065625 0.071875
1 0.66171875 0.384375 0.053125 0.090625
1 0.3203125 0.315625 0.053125 0.1203125
1 0.48828125 0.37890625 0.08125 0.14375
1 0.44609375 0.56484375 0.0765625 0.11875
1 0.346875 0.621875 0.04375 0.1234375
1 0.4015625 0.575 0.053125 0.1125
1 0.3328125 0.4921875 0.06875 0.109375
1 0.42265625 0.296875 0.184375 0.171875
1 0.56484375 0.33203125 0.153125 0.1328125
1 0.69609375 0.67890625 0.034375 0.0828125
1 0.646875 0.534375 0.215625 0.246875
1 0.31953125 0.45390625 0.2515625 0.171875
1 0.21171875 0.528125 0.24375 0.165625
1 0.09765625 0.634375 0.184375 0.2546875
1 0.40390625 0.4828125 0.790625 0.73125