1 0.74296875 0.62890625 0.08359375 0.08515625
1 0.70234375 0.575 0.1046875 0.0953125
1 0.6421875 0.659375 0.04453125 0.0515625
1 0.60078125 0.6 0.06171875 0.1046875
1 0.54453125 0.67109375 0.03359375 0.0703125
1 0.45859375 0.63515625 0.03046875 0.06953125
1 0.41875 0.6125 0.0265625 0.05234375
1 0.46875 0.5890625 0.14765625 0.08671875
1 0.1796875 0.62578125 0.05546875 0.07890625
1 0.115625 0.65 0.0390625 0.05703125
1 0.06015625 0.5828125 0.07109375 0.08984375
1 0.1359375 0.57734375 0.0828125 0.075