1 0.9810722883601827 0.6105899081463753 0.03785542327963469 0.17584463606495576
1 0.7879500811445552 0.6998747751255354 0.13256084517169242 0.23113804288269665
1 0.6534476557296586 0.4890166366446838 0.134030987117327 0.20652068015560018
1 0.756428861545095 0.307719226033921 0.13934483126611177 0.2177770445496865
1 0.6285131308083262 0.2952666366446838 0.1371723558869938 0.15884845470140743
1 0.5010606539842939 0.3293542074071675 0.15848209589414958 0.19228270803538736
1 0.5758998935694427 0.6532382464968423 0.17538287370531086 0.221491846975281
1 0.1739299667096316 0.547895752874938 0.10579053954937008 0.17329372091226497
1 0.11480662153793916 0.32772664514881134 0.17451598639486976 0.2507967097023773
1 0.5780595249213324 0.14859880179737447 0.3540798544420795 0.2584969947091661
1 0.8448018199642441 0.3741258628477826 0.3103963600715119 0.45797083622443513
1 0.32048464080117045 0.2880430365046009 0.27222659980688596 0.24717711531217024