1 0.05341965150787066 0.36955604265093867 0.10683930301574132 0.1546379146981227
1 0.27812854264814874 0.3018327961943177 0.10941183063166626 0.20009425843752043
1 0.3556405135716213 0.49306294220330094 0.11218551611703678 0.17838294954451311
1 0.23059341248759385 0.6493079969199571 0.11626742337435152 0.1894295769491748
1 0.34053504900972353 0.6657191922033009 0.11786958812453677 0.13652283175849825
1 0.4587184124875939 0.6413416963796521 0.13452940782296263 0.16670140507947587
1 0.4552385553248156 0.351726124872773 0.1490799233743516 0.1905754146981228
1 0.7876129749759732 0.4608431422111501 0.08798659849212935 0.15105655771188112
1 0.8071757448626865 0.6556546452063751 0.16234134099925868 0.2175198606144388
1 0.35704046088518676 0.7975495455613455 0.3071070368522218 0.21634428493120836
1 0.1484837170356254 0.5864756694226282 0.2969674340712508 0.3945784123358701
1 0.6091681803480569 0.6843773898488974 0.23495863477870316 0.21070935462398896
1 0.45934188753525484 0.5387176933844272 0.9186837750705097 0.7661856384588889