1 0.3211073500906794 0.6469703629372299 0.10057027916685737 0.1141267445922555
1 0.39270668639640266 0.32376156114856874 0.0928335965688742 0.14420981946747674
1 0.3465943954949313 0.7323862219222969 0.10806879589473964 0.08248116971703397
1 0.49177339071553644 0.7095915829873433 0.08568862046584905 0.09733481946747684
1 0.5392672922474524 0.675892777870917 0.09217678633594986 0.09948078202986607
1 0.62330317346694 0.5995058427628428 0.08018196176484053 0.08141808818628213
1 0.9042742124692016 0.03519413550379529 0.11569010373796651 0.07038827100759058
1 0.2872074440559828 0.1872850436775491 0.12375889963270623 0.20562693843583926
1 0.14296875 0.146875 0.2859375 0.29375
1 0.2143610316634915 0.3089424567390527 0.428722063326983 0.45302842554037054
1 0.4513474101097305 0.2674584278291558 0.1404519378678657 0.1332525199665911
1 0.3612869215677302 0.45915762063275 0.09290941397089103 0.17502222254568486
1 0.27108221458228465 0.5507529698423174 0.10131362046584887 0.09879347587345003
1 0.5470439430750075 0.4834036468392794 0.45058511188803435 0.47025794758694117
1 0.6862531319238485 0.07171873263338324 0.41968123615230296 0.14343746526676648
1 0.33710113431354605 0.08971647233788883 0.29454773137290796 0.17943294467577767
1 0.8371097884490328 0.31847100665654016 0.2531398327211772 0.3470875332776518
1 0.9195543259798313 0.22220916847025798 0.08086761568645393 0.10612635690508751
1 0.6568355279092677 0.6371925189276111 0.18128626004927745 0.15862829534092687
1 0.4808214688711919 0.7006022581121218 0.17630290680179855 0.19666973585674546
1 0.21149954105260366 0.7041808123963544 0.25468420269653824 0.27637945840243033
1 0.19943054773120839 0.8793575888106799 0.1938151037379666 0.13977445174690004
1 0.556990460016763 0.8375064727544906 0.2357825678925046 0.2130042645588464