1 0.5341030754914102 0.6040555353620545 0.07808190990138844 0.1818070108957633
1 0.7894429606360325 0.3700583217325152 0.08688416558343129 0.14965007475773362
1 0.8742424748394917 0.2057283879402741 0.09615007142762977 0.14405563861970413
1 0.5773305186709816 0.27330827991417284 0.07843646590774292 0.20211951089576327
1 0.4656354935104735 0.5479801340050017 0.0911273806803953 0.21393109604505725
1 0.4547503607981881 0.3669322297979573 0.09071827759614023 0.19049359604505717
1 0.18409694156130887 0.40536557115143745 0.09140011606989865 0.22955609604505725
1 0.1049118222417041 0.20334388526550945 0.06961484496658028 0.14376070767745458
1 0.34060781453106637 0.24538464775075655 0.09207049756436803 0.08914961733238069
1 0.643298617698047 0.42787581159305643 0.28583986282348767 0.19321367650277405
1 0.3814707735422456 0.4524269694063971 0.1346125535707224 0.1124121547112475
1 0.32632139772981905 0.3486024829000504 0.21928756249917614 0.13549972946898112
1 0.14578446388244323 0.3651283372429808 0.20557961850553058 0.1548288836760255
1 0.7414436116089671 0.21423429265152155 0.11122960064862308 0.11389824505632147
1 0.493076475246529 0.4063882137064139 0.9239355211000231 0.6295424765421149