1 0.88125 0.54453125 0.1203125 0.11796875
1 0.728125 0.56953125 0.20546875 0.1953125
1 0.54375 0.59609375 0.13828125 0.14921875
1 0.1859375 0.62734375 0.12890625 0.21015625
1 0.2984375 0.62265625 0.16796875 0.15625
1 0.24140625 0.69765625 0.03359375 0.0640625
1 0.1375 0.5765625 0.0328125 0.0515625
1 0.35859375 0.62890625 0.04296875 0.12109375
1 0.28828125 0.58671875 0.0359375 0.0421875
1 0.2296875 0.64609375 0.03046875 0.040625
1 0.221875 0.5921875 0.034375 0.04375
1 0.58359375 0.5625 0.0234375 0.03984375
1 0.49609375 0.565625 0.0359375 0.03046875
1 0.81484375 0.590625 0.0328125 0.09296875
1 0.58828125 0.61953125 0.03046875 0.0453125
1 0.79453125 0.54140625 0.059375 0.04609375
1 0.6484375 0.534375 0.05234375 0.06484375
1 0.909375 0.56796875 0.03046875 0.04453125
1 0.86640625 0.51875 0.025 0.0375
1 0.92734375 0.5203125 0.025 0.03828125