1 0.6985464966784367 0.983435153627574 0.2686435100679862 0.03312969274485198
1 0.5802725414156938 0.8451020246678034 0.08870013050895835 0.06594345001672437
1 0.48027254141569387 0.8286666532201187 0.0830320119678472 0.0899162393012439
1 0.5368478901051729 0.8963283319594375 0.28477896276527803 0.20734333608112507
1 0.6113959080569439 0.8219846769057699 0.11722517401194459 0.08775339823638575
1 0.6365797056439926 0.7171145657493859 0.14575021751493064 0.10956334645604678
1 0.7652502195117009 0.714734885416732 0.1545069684648613 0.08454166252926729
1 0.4818201236720133 0.6610939492018135 0.19858427678548624 0.1057946375376293
1 0.4973171838924995 0.7028528773299493 0.30065722948277784 0.21129250898531407
1 0.6116557068782635 0.5412699661902896 0.4924849728332642 0.428046330449723
1 0.5800264600123957 0.4176515572551479 0.22696384992375015 0.12135458575729068
1 0.2995739341768399 0.47194068041627474 0.11660823138263901 0.12812159555751546
1 0.2759039640964581 0.27591198219661334 0.5328190321038198 0.422223200100345
1 0.04006778139296861 0.3626592250083621 0.08013556278593723 0.0925059500167242
1 0.4879899826653646 0.5311586944218081 0.9759799653307292 0.9376826111563838