1 0.2815514234603911 0.492653557587407 0.0694817512477857 0.13005793836009244
1 0.16169753140546833 0.4953404772385646 0.08004347587345002 0.09378824769092589
1 0.3798529575702366 0.47490827445837897 0.08052309484181253 0.11552654665416658
1 0.3447462063224509 0.3478577589069901 0.08666925124778571 0.13156164976444434
1 0.21138236605618932 0.3718339181905552 0.19785646048240987 0.12734162441111074
1 0.9040110975451799 0.6114258665889336 0.04500096921791972 0.0504292269557407
1 0.8148027319045827 0.602071407493656 0.05481356613971187 0.05593693317629622
1 0.9555834972956226 0.5911420523571278 0.04050135690508725 0.06863242280870381
1 0.9419363716717299 0.5279585471733317 0.07350174459225549 0.09011644354388863
1 0.8445928639762098 0.5310651318574985 0.1276478040764367 0.10570177879370349
1 0.279726891430525 0.41500701121606437 0.34188081530751796 0.3088636094253697
1 0.8858013265385992 0.5408693588132392 0.22400358610630278 0.1916187378889811