1 0.81484375 0.55234375 0.0953125 0.1765625
1 0.46171875 0.71328125 0.11875 0.171875
1 0.1875 0.6234375 0.1265625 0.159375
1 0.396875 0.2078125 0.10625 0.1
1 0.39296875 0.4984375 0.1109375 0.1703125
1 0.31171875 0.06640625 0.1171875 0.1328125
1 0.17734375 0.346875 0.3265625 0.3859375
1 0.90703125 0.16328125 0.1859375 0.2984375
1 0.91796875 0.703125 0.1578125 0.5921875
1 0.64609375 0.853125 0.334375 0.290625
1 0.40078125 0.91796875 0.115625 0.1640625
1 0.5953125 0.36484375 0.390625 0.371875
1 0.22578125 0.83125 0.1203125 0.178125
1 0.07890625 0.846875 0.1578125 0.30625