0 0.5388614971573309 0.25703125 0.13850121266133186 0.146875
0 0.6108125892845374 0.171875 0.1827227711033183 0.084375
0 0.6142996481302656 0.41640625 0.16548072402541755 0.08125
0 0.2641883741842782 0.5890625 0.48905459172016935 0.0890625
0 0.37326909374546896 0.66171875 0.2169341298696164 0.075
0 0.37002491151965095 0.9234375 0.2302796095770768 0.1234375
0 0.6468684606294418 0.53671875 0.20815914772652383 0.109375
0 0.5872691383877378 0.74765625 0.25808878408896196 0.284375
0 0.7212745767026357 0.27890625 0.17218646590774292 0.196875
0 0.6363092414752881 0.28984375 0.39339108441327325 0.3375
0 0.39864696915085845 0.728125 0.7807116266199101 0.50625