2 0.6222098337906845 0.17084620133162393 0.4475446675813689 0.25324729977175436
2 0.7373275396936853 0.5883694684393402 0.5253449206126295 0.2987178849425437
2 0.4923194363433362 0.3592329069496394 0.38808849706445747 0.2327681942678618
2 0.6050832946075432 0.8153108614854634 0.7265422542437842 0.3693782770290731
2 0.821276488225924 0.9436257996491568 0.21678167626037279 0.11274840070168643
2 0.7160512137204954 0.7164154258539457 0.30834011557115737 0.18381894928983886
2 0.6783280128270702 0.8224979683167428 0.20503248551372302 0.17081061244505732
2 0.24708811407148032 0.40527061926362434 0.39845786113593773 0.6117654153196013
2 0.5330459535737202 0.8264221110162602 0.19849841033823043 0.2996327076598007
2 0.4616985691448777 0.9426065698596627 0.22911933522654984 0.11478686028067457
2 0.5000456575143587 0.3838809512090263 0.9999086849712826 0.7661994024180527