1 0.19453125 0.3390625 0.1109375 0.090625
1 0.3171875 0.2984375 0.075 0.075
1 0.36875 0.51796875 0.05859375 0.06875
1 0.46953125 0.521875 0.0609375 0.08984375
1 0.51953125 0.534375 0.06640625 0.121875
1 0.65 0.58828125 0.04609375 0.1078125
1 0.93984375 0.62890625 0.05859375 0.075
1 0.7515625 0.65625 0.09765625 0.09375
1 0.4671875 0.6140625 0.0890625 0.08828125
1 0.59765625 0.621875 0.0859375 0.10078125
1 0.24609375 0.51015625 0.09375 0.0671875
1 0.8453125 0.74765625 0.26796875 0.16875
1 0.55703125 0.63359375 0.17421875 0.11484375
1 0.33671875 0.58515625 0.22109375 0.13125
1 0.31484375 0.41484375 0.30546875 0.20546875