1 0.18515625 0.44765625 0.0953125 0.1765625
1 0.53828125 0.28671875 0.11796875 0.171875
1 0.8125 0.3765625 0.12578125 0.159375
1 0.603125 0.7921875 0.10625 0.10078125
1 0.60703125 0.5015625 0.1109375 0.1703125
1 0.68828125 0.93359375 0.1171875 0.1328125
1 0.82265625 0.653125 0.32578125 0.3859375
1 0.09296875 0.83671875 0.1859375 0.29765625
1 0.08203125 0.296875 0.1578125 0.5921875
1 0.35390625 0.146875 0.33359375 0.29140625
1 0.59921875 0.08203125 0.115625 0.1640625
1 0.4046875 0.63515625 0.38984375 0.37265625
1 0.77421875 0.16875 0.1203125 0.178125
1 0.92109375 0.153125 0.1578125 0.30625