1 0.42265625 0.44921875 0.10078125 0.18984375
1 0.1984375 0.58046875 0.39609375 0.396875
1 0.5578125 0.46796875 0.08203125 0.18515625
1 0.64921875 0.4375 0.07890625 0.18046875
1 0.8140625 0.58984375 0.37109375 0.5203125
1 0.7453125 0.62734375 0.15859375 0.20078125
1 0.94140625 0.70390625 0.10234375 0.240625
1 0.52265625 0.6578125 0.3484375 0.19140625
1 0.459375 0.46328125 0.2875 0.353125
1 0.246875 0.5828125 0.4390625 0.459375
1 0.8015625 0.58984375 0.38046875 0.5078125
1 0.51875 0.528125 0.33671875 0.38125