1 0.48800994216500565 0.09837870970158573 0.11746690468807693 0.06578478923740985
1 0.3611038880306391 0.23632930479373143 0.167185104872647 0.13956402057829873
1 0.5206557680417138 0.42624187297940186 0.13445414558877822 0.06456742871154013
1 0.6091303778516063 0.2816986945130569 0.2768976711886312 0.30222551388232927
1 0.6720273033591742 0.4763974020502599 0.1280830320782579 0.11040189808928727
1 0.632078633554819 0.7124284292019304 0.09591088217054296 0.14096161914102687
1 0.33997147670727373 0.6691477690269039 0.08645673658176474 0.09026793205952473
1 0.3100009793281674 0.7945864356527047 0.07155362739018098 0.05138055789652096
1 0.4876765939184219 0.7468213219014479 0.2433842643410859 0.28764615670444427
1 0.5380762006459955 0.2986345821905972 0.5167378284976017 0.5103575923571488
1 0.49223368599114253 0.7574111263273865 0.49089961443337093 0.3492483746533942