1 0.3125 0.68828125 0.1921875 0.29921875
1 0.13828125 0.36484375 0.24609375 0.23203125
1 0.1125 0.153125 0.19296875 0.30625
1 0.31796875 0.1515625 0.1640625 0.303125
1 0.45390625 0.41640625 0.16171875 0.325
1 0.47421875 0.8546875 0.1796875 0.290625
1 0.19921875 0.88515625 0.1765625 0.2296875
1 0.0515625 0.87890625 0.103125 0.2421875
1 0.15078125 0.68046875 0.19375 0.42109375
1 0.0875 0.790625 0.059375 0.121875
1 0.64375 0.71640625 0.21640625 0.31328125
1 0.484375 0.63359375 0.17578125 0.19921875
1 0.9015625 0.79921875 0.15390625 0.2734375
1 0.8046875 0.70078125 0.15078125 0.2453125
1 0.73984375 0.8375 0.16015625 0.26640625
1 0.92421875 0.48828125 0.1515625 0.3015625
1 0.79609375 0.415625 0.1828125 0.27734375
1 0.63671875 0.5109375 0.20625 0.26171875
1 0.65 0.2703125 0.2265625 0.253125
1 0.84453125 0.1484375 0.22578125 0.265625
1 0.67578125 0.08671875 0.1578125 0.1734375
1 0.43515625 0.0765625 0.2609375 0.153125
1 0.4171875 0.2171875 0.16953125 0.25390625