1 0.8806444559530748 0.4984200265891633 0.08680229487098537 0.1718271873844454
1 0.6669931023528557 0.9435671097251961 0.09666529238978612 0.11286578054960791
1 0.3120465831224333 0.8704107545523465 0.06783397104966796 0.16659411810497318
1 0.47627594127076645 0.6442527344940868 0.09197563833701032 0.0986397399708702
1 0.2855332789458228 0.7869390250063176 0.0758797574435981 0.12157713479802049
1 0.7420979561579626 0.8907258838735839 0.07929800992479734 0.16146634890464356
1 0.5147670146777992 0.8006307666265405 0.11594613937046745 0.19452054130365362
1 0.5603362640586267 0.5561964565182682 0.1089491226212445 0.1615489169304743
1 0.6880930829175455 0.4850154414745734 0.06697994644256208 0.1650088860516618
1 0.6175301798982269 0.5445973784633076 0.07878858767505648 0.1505288489046432
1 0.7148119023956369 0.6566547607540457 0.09742942576439759 0.14873066818411546
1 0.6087054133538917 0.8978621531404208 0.2569906703877141 0.20427569371915838
1 0.41764161165848057 0.8594398138026887 0.211312143299409 0.18169158386094858
1 0.22202712716935852 0.39499556591425994 0.05122435980096292 0.11149744114536908
1 0.29582215384337895 0.5890698263391011 0.29954850558157126 0.3340557174053281
1 0.7343645771265772 0.7079361159268951 0.3434012053339023 0.23702760471063106
1 0.8541487490166373 0.6151528855229366 0.2917025019667253 0.23023203543115897
1 0.9440861019430802 0.4788409639736087 0.11182779611383964 0.3411371285298145