1 0.5672454949771039 0.8751439099736175 0.1277789141805563 0.22140626324684404
1 0.7879936557994357 0.8976265782999372 0.14196177458238815 0.15347471878180663
1 0.28384698298083766 0.8955729387447399 0.15979526812286 0.17042660580511537
1 0.1788744713175056 0.7107316580747007 0.10755668448193009 0.16937997177703162
1 0.3496832096541736 0.5355208708660577 0.10956994001866835 0.15545388103285873
1 0.22300064723740717 0.4782217476377473 0.12301643725029923 0.16292164065150558
1 0.5821806078903837 0.3795710043459873 0.10938969740098621 0.13678572658635507
1 0.43153421703649136 0.519717310791924 0.12447377089122913 0.16219495435383652
1 0.5228062038605141 0.13489342140636273 0.15507757869404698 0.22780259618646848
1 0.4268021281917574 0.32282495262455596 0.31443738465128546 0.30257196161023064
1 0.6243528145192669 0.49068211913677723 0.32810920998710796 0.3232664075265467
1 0.7434328123407532 0.7110070320208015 0.39009847290616406 0.292772864875608
1 0.3887903978272626 0.6931796034428627 0.33686830654709377 0.2901364489963589