1 0.49322430969561565 0.7652552778147341 0.09873265507947586 0.12086246672431696
1 0.5056200944571879 0.40417233206946024 0.08589783838192026 0.15593690349260036
1 0.5397124184959559 0.8657865429400445 0.11223959437236992 0.08266757513557295
1 0.7026390044308053 0.8546803504162245 0.08404267250267097 0.10281190349260001
1 0.7499033848306919 0.8208047992847565 0.09190973620500191 0.10441985528799833
1 0.8299604178629837 0.7414167602535366 0.07948165807470069 0.0840391775949012
1 0.9848592528581864 0.09114807377984084 0.030281494283627097 0.13846305718159235
1 0.35522324645662096 0.23704444028432486 0.11394348202865068 0.220930644417414
1 0.1596081568935744 0.1630859375 0.31918903193598347 0.326171875
1 0.2957440974524128 0.36866714500658915 0.4313492699550839 0.47506974033563854
1 0.5606052056197809 0.34524678396305414 0.14149307395395 0.13751415641946654
1 0.4991667417321155 0.5550217597625574 0.08241073983319894 0.19028463241536145
1 0.41421387757429773 0.6508478650505557 0.10357392250267097 0.10292553298109546
1 0.717264466504372 0.6022002450300302 0.45142615697839245 0.4908083698241338
1 0.77890625 0.10384612090428824 0.4421875 0.20769224180857648
1 0.3882490228654908 0.11025572306902867 0.3077480457309815 0.22051144613805734
1 0.9475521009957919 0.4421702182954507 0.10489579800841611 0.370976096212812
1 0.8769098289329094 0.7880281398402278 0.18458087504240908 0.1635408461146161
1 0.6873860266633238 0.8430479588274808 0.17438990870767307 0.20722266842151918
1 0.3794817574260302 0.8198342143866257 0.25384428493120836 0.2904805960164204
1 0.4028523139567849 0.9744171752572102 0.2008556610699257 0.048034020782651156
1 0.8035417947194912 0.9470809529737483 0.2377579495445133 0.09823855386194254