1 0.1796875 0.40078125 0.18125 0.08125
1 0.16796875 0.5828125 0.1234375 0.1015625
1 0.1546875 0.1625 0.1375 0.1140625
1 0.30546875 0.0953125 0.1375 0.0703125
1 0.45625 0.2578125 0.125 0.075
1 0.50078125 0.1578125 0.13125 0.084375
1 0.59296875 0.46875 0.1109375 0.075
1 0.47265625 0.32734375 0.13125 0.0859375
1 0.79453125 0.446875 0.184375 0.103125
1 0.6359375 0.3453125 0.2421875 0.228125
1 0.50234375 0.49140625 0.259375 0.2375
1 0.321875 0.56640625 0.23125 0.29375
1 0.3265625 0.27265625 0.23125 0.2484375