1 0.18515625 0.55234375 0.0953125 0.1765625
1 0.53828125 0.71328125 0.11796875 0.171875
1 0.8125 0.6234375 0.12578125 0.159375
1 0.603125 0.2078125 0.10625 0.10078125
1 0.60703125 0.4984375 0.1109375 0.1703125
1 0.68828125 0.06640625 0.1171875 0.1328125
1 0.82265625 0.346875 0.32578125 0.3859375
1 0.09296875 0.16328125 0.1859375 0.29765625
1 0.08203125 0.703125 0.1578125 0.5921875
1 0.35390625 0.853125 0.33359375 0.29140625
1 0.6 0.91875 0.115625 0.1625
1 0.4046875 0.36484375 0.38984375 0.37265625
1 0.77421875 0.83125 0.1203125 0.178125
1 0.92109375 0.846875 0.1578125 0.30625
1 0.5 0.5 1 1
1 0.40703125 0.47109375 0.51796875 0.6140625
1 0.7875 0.34140625 0.425 0.6828125
1 0.42421875 0.85234375 0.48984375 0.2953125
1 0.8671875 0.84140625 0.265625 0.3171875