1 0.4546875 0.6421875 0.07578125 0.1765625
1 0.203125 0.42578125 0.08359375 0.14296875
1 0.12109375 0.2671875 0.09453125 0.13671875
1 0.4171875 0.3140625 0.07578125 0.19765625
1 0.52421875 0.58125 0.0875 0.2078125
1 0.53828125 0.39921875 0.0875 0.184375
1 0.80859375 0.41875 0.0875 0.2234375
1 0.89140625 0.2109375 0.06640625 0.1390625
1 0.6546875 0.26953125 0.09140625 0.0828125
1 0.3484375 0.4734375 0.2828125 0.1734375
1 0.61015625 0.4796875 0.1328125 0.10390625
1 0.6671875 0.371875 0.21640625 0.1203125
1 0.84765625 0.37578125 0.203125 0.140625
1 0.25390625 0.26640625 0.11015625 0.10546875