1 0.68125 0.1703125 0.0921875 0.103125
1 0.5734375 0.2109375 0.19140625 0.2796875
1 0.2953125 0.30625 0.153125 0.2890625
1 0.27265625 0.2390625 0.06953125 0.12109375
1 0.4265625 0.38515625 0.121875 0.2984375
1 0.434375 0.2890625 0.0421875 0.046875
1 0.759375 0.45703125 0.13203125 0.2546875
1 0.6828125 0.54765625 0.1953125 0.18515625
1 0.521875 0.425 0.15546875 0.1859375
1 0.65 0.3421875 0.1359375 0.1984375
1 0.52578125 0.721875 0.209375 0.24453125
1 0.59375 0.784375 0.10546875 0.07734375
1 0.80078125 0.56796875 0.13359375 0.1921875
1 0.7421875 0.71484375 0.1234375 0.28046875
1 0.8234375 0.77109375 0.15625 0.22734375
1 0.840625 0.665625 0.1109375 0.21796875
1 0.89296875 0.8125 0.15703125 0.2796875
1 0.9484375 0.9203125 0.090625 0.159375
1 0.81875 0.95625 0.1984375 0.0875
1 0.63671875 0.92265625 0.2109375 0.1546875
1 0.4140625 0.8046875 0.165625 0.23828125
1 0.33203125 0.9359375 0.2109375 0.128125
1 0.2265625 0.51875 0.2125 0.190625
1 0.1609375 0.68984375 0.15078125 0.19609375
1 0.40546875 0.56015625 0.15859375 0.14921875
1 0.13046875 0.8296875 0.2453125 0.22109375
1 0.04296875 0.76328125 0.08046875 0.12109375
1 0.1375 0.946875 0.21015625 0.10546875