1 0.030890258183066455 0.8802976536503216 0.05628969473518963 0.09278967787060921
1 0.005861797966007215 0.8943256615589871 0.01172359593201443 0.09202567391627667
1 0.0545857739617991 0.7176703196579327 0.1091715479235982 0.2709093606841346
1 0.2322543838584476 0.5873421966165087 0.054618067330527965 0.08960101087441501
1 0.23574646080762243 0.4873421966165086 0.07939981252120454 0.08436968281352505
1 0.14698157197021533 0.5494694649052972 0.2285169027172232 0.2886008794672147
1 0.25931539166299594 0.6166649406850095 0.07278771397248338 0.11842634783255317
1 0.36711796797919855 0.6348963344494993 0.09095736061443871 0.14725168479069167
1 0.38608124438806835 0.7620663295065835 0.06472224282842394 0.1555443458553869
1 0.4030158063611188 0.4781860780237087 0.08031252649368774 0.1998673488211363
1 0.3633803874866447 0.49618400292856846 0.17286710344286255 0.3034963676042167
1 0.5392211464723193 0.5990185483662135 0.36535224772256536 0.49857274015134934
1 0.6583902979235982 0.559836690153537 0.09223217313564333 0.22843801779449713
1 0.5681026369384906 0.28578637790997796 0.11335815027015243 0.11851918973360735
1 0.760491033580446 0.25960318648353103 0.3542709039831674 0.5192063729670621
1 0.643003466334736 0.03141451948733665 0.08118056733052796 0.0628290389746733
1 0.47030753815810133 0.48865595825095137 0.9406150763162027 0.9773119165019027