1 0.44765625 0.81484375 0.1765625 0.0953125
1 0.28671875 0.46171875 0.171875 0.11875
1 0.3765625 0.1875 0.159375 0.125
1 0.7921875 0.396875 0.1 0.10625
1 0.5015625 0.39296875 0.1703125 0.1109375
1 0.93359375 0.31171875 0.1328125 0.1171875
1 0.653125 0.17734375 0.3859375 0.325
1 0.83671875 0.90703125 0.296875 0.1859375
1 0.296875 0.91796875 0.5921875 0.1578125
1 0.146875 0.64609375 0.290625 0.334375
1 0.08125 0.4 0.1625 0.115625
1 0.63515625 0.5953125 0.371875 0.390625
1 0.16875 0.22578125 0.178125 0.1203125
1 0.153125 0.07890625 0.30625 0.1578125
1 0.5 0.5 1 1
1 0.52890625 0.59296875 0.6140625 0.51875
1 0.65859375 0.2125 0.6828125 0.425
1 0.14765625 0.57578125 0.2953125 0.490625
1 0.15859375 0.1328125 0.3171875 0.265625