1 0.28062316163767187 0.8249760120544065 0.1077992157143429 0.1821954293443632
1 0.46093786751821 0.838812887412451 0.11964343139166474 0.12461928668045381
1 0.05289079650849802 0.8472033586887262 0.10578159301699604 0.13882723734881744
1 0.019402647010369128 0.6956403113462721 0.038805294020738255 0.1383181600095451
1 0.1781648528569711 0.5467499200349983 0.09330980394092618 0.12587270401018139
1 0.08468772051092602 0.5010550646880899 0.10382916668723408 0.13379429201145393
1 0.4091287009173591 0.41248565006363347 0.09124995099757208 0.11181020401018138
1 0.2500992646242176 0.5311527393777707 0.10516279413797251 0.13224997334499947
1 0.41677825977210253 0.2106686113939972 0.13169446081286615 0.1855931493475448
1 0.2919851960220525 0.3680805747135433 0.2651627451355445 0.24486015603118041
1 0.4185103430601876 0.5033742794000424 0.2754928431774218 0.26213856269890756
1 0.4670755636204754 0.6847157334102236 0.32762313729071335 0.2346680907065437
1 0.17401218126826015 0.6766101427036801 0.2823106372907135 0.23414083203372585
1 0.36942232842671463 0.5022106740531339 0.7388446568534293 0.8832906880967227