1 0.7875 0.38515625 0.05625 0.14375
1 0.6640625 0.41796875 0.090625 0.14375
1 0.84140625 0.2546875 0.115625 0.109375
1 0.503125 0.4125 0.0578125 0.1234375
1 0.3359375 0.49296875 0.096875 0.134375
1 0.2109375 0.4703125 0.078125 0.0890625
1 0.06875 0.471875 0.1296875 0.109375
1 0.47109375 0.26953125 0.25625 0.15
1 0.6984375 0.2609375 0.153125 0.121875
1 0.1875 0.35078125 0.2140625 0.115625
1 0.759375 0.33125 0.290625 0.29375
1 0.44453125 0.3734375 0.2796875 0.34375
1 0.16640625 0.40625 0.2765625 0.275