1 0.2439726955308325 0.20200763396087065 0.08944293494769226 0.11861276308359248
1 0.33363832600935733 0.2803062101845253 0.059141323104826074 0.10286666574266326
1 0.09883180004008457 0.6194387866905287 0.07725301535721807 0.12100972099021767
1 0.1662458113710435 0.6131502603115822 0.07184968750722857 0.13700644731269448
1 0.330028475842445 0.665120825941306 0.0894671308524341 0.08754477360693613
1 0.48472853983085357 0.18302793373499168 0.0805512024905374 0.09945323940606912
1 0.6019996089094205 0.19693008099121628 0.12915584064767122 0.08830290777956828
1 0.7687995083975132 0.21057389399010415 0.06275563962385675 0.07666818678935065
1 0.6880206779879874 0.20901212301400393 0.053076608190516336 0.06523015785015547
1 0.9455230975784616 0.22715299118985904 0.08452892361673321 0.10822899992941278
1 0.08562248720231827 0.10320757096198278 0.064622171057197 0.08765118942018657
1 0.02951184667260275 0.11749060786427293 0.0590236933452055 0.13341871572854586
1 0.06411570768863017 0.2542772472985769 0.12823141537726035 0.1327732445971538
1 0.4757422569307904 0.28151093636582764 0.16806330044290832 0.08901553932136448
1 0.12479945171380433 0.7616031708631608 0.1480185380191359 0.145326452503779
1 0.4075938047852479 0.7545011153332577 0.09489958699532135 0.134465276237772
1 0.7361371162141201 0.3021775650650264 0.14382640351435186 0.11090594987294314
1 0.9033125182617493 0.2961991228022424 0.15583708699532153 0.13801448144297418
1 0.2629624214021919 0.3115492339326358 0.14444656433340358 0.11715594987294313
1 0.6146618146783984 0.30688890991629403 0.1061653143334036 0.11492632096198285