1 0.19453125 0.6609375 0.1109375 0.090625
1 0.3171875 0.7015625 0.075 0.075
1 0.36875 0.48203125 0.05859375 0.06875
1 0.46953125 0.478125 0.0609375 0.08984375
1 0.51953125 0.465625 0.06640625 0.121875
1 0.65 0.41171875 0.04609375 0.1078125
1 0.93984375 0.37109375 0.05859375 0.075
1 0.7515625 0.34375 0.09765625 0.09375
1 0.4671875 0.3859375 0.0890625 0.08828125
1 0.59765625 0.378125 0.0859375 0.10078125
1 0.24609375 0.48984375 0.09375 0.0671875
1 0.8453125 0.25234375 0.26796875 0.16875
1 0.55703125 0.36640625 0.17421875 0.11484375
1 0.33671875 0.41484375 0.22109375 0.13125
1 0.31484375 0.58515625 0.30546875 0.20546875
1 0.29375 0.58515625 0.353125 0.31640625
1 0.37109375 0.446875 0.27890625 0.234375
1 0.57578125 0.3890625 0.1984375 0.24609375
1 0.85859375 0.2875 0.28203125 0.25546875