1 0.26825549220065226 0.9448416711654872 0.16474085048191559 0.11031665766902563
1 0.23541402306810033 0.7182110840326048 0.20710688445215322 0.10710579544054113
1 0.44043729017581673 0.6384205307179013 0.18575214976327956 0.1101357070582587
1 0.5803813835939701 0.7616831998087961 0.19703649330403064 0.11408950124939991
1 0.6130935401758167 0.6515036390209155 0.1446051803855326 0.11631392946385706
1 0.6057009620687898 0.5335581998087962 0.17585347631891182 0.13262601369695445
1 0.3118676593168434 0.5404422041584735 0.20067835048191557 0.14690200124939992
1 0.4710274879142607 0.206649389846108 0.15676174497802292 0.08624792116548727
1 0.6711966495180844 0.18478973570156754 0.2284548028745439 0.15985228714217126
1 0.7490276320425753 0.6334425684847724 0.23833302751946323 0.30469119046151916
1 0.5026160076343762 0.8491690685734078 0.4168048710602143 0.30166186285318447
1 0.671307217335962 0.38254107408384985 0.22723062608219138 0.23257939212119308
1 0.4977193004649661 0.5395554250023222 0.8354798921289033 0.9208891499953555