1 0.55234375 0.2031423442894944 0.05 0.07354422201622679
1 0.64921875 0.15108010163305496 0.0625 0.11614902752028353
1 0.540625 0.2659359119495476 0.0703125 0.111136405960319
1 0.6828125 0.30357187434090255 0.190625 0.2489420339368647
1 0.46640625 0.5901910071298843 0.071875 0.07700888164832609
1 0.5671875 0.6179788252534271 0.078125 0.10143628440035428
1 0.425 0.6694053628620721 0.0625 0.07552402752028353
1 0.4390625 0.7882718316700082 0.05625 0.09953412476825516
1 0.471875 0.6986998422218594 0.1578125 0.14999504448871584
1 0.48515625 0.6809712988737993 0.2359375 0.30455632888907014
1 0.65703125 0.24749897319301956 0.284375 0.33254057521728997