1 0.32042152805333235 0.68034038510643 0.054201405079475865 0.1282317220162268
1 0.24553563385844765 0.5554616451947915 0.06414188947037927 0.19040660045626226
1 0.17250487242570228 0.622190538999114 0.060252997637747316 0.16803664908024807
1 0.27388134475088804 0.7226734300586355 0.27024804573098155 0.2634509155851907
1 0.47505204138499424 0.23475381102979567 0.0565079495445131 0.10528917339224098
1 0.254273293832065 0.10806732683950385 0.08856153611233468 0.2161346536790077
1 0.3393675125290537 0.2935367201984052 0.32525303737827904 0.5036876862254035
1 0.5637921044543529 0.3411227575933739 0.053492076949174815 0.10791922201622679
1 0.5879711597191634 0.4274169330532499 0.3240675048941416 0.38074513760141765
1 0.5183655317663474 0.2403244917655972 0.21044151451278825 0.37517941237690017
1 0.26816954729062603 0.663754558498671 0.2758135433687288 0.42282591558519067