1 0.3615777404849781 0.6790707026047902 0.5605523180303493 0.3005996167853466
1 0.32710650289097487 0.8535080776427968 0.5309033593866782 0.2929838447144064
1 0.3960297074008169 0.46865893507178563 0.34645558477957233 0.30438620168200037
1 0.557981859591566 0.7287997923723137 0.3243622609582548 0.2967540436280377
1 0.7044287123632156 0.5893613151091224 0.5373374499572187 0.3688989605769633
1 0.8501177781217624 0.5763801714868608 0.29976444375647515 0.4207925510103555
1 0.49767779052775935 0.4008251435462483 0.07144266046291677 0.06706713959816817
1 0.5841248285743192 0.7066993649397671 0.09106595574818713 0.08834113221585049
1 0.5159442169113295 0.7930126435462483 0.10559933664159918 0.06700695939725243
1 0.7599401960282773 0.4143912065528701 0.09466183664159918 0.06553463037027107
1 0.808322153843379 0.6864163590700946 0.13234592721213972 0.10787228288749554