1 0.1406350723994796 0.6284613687523077 0.07305196528398446 0.14735466378737563
1 0.2679078036056065 0.603559103174604 0.10742696528398446 0.14955751387966068
1 0.07147921260368936 0.7554756492894061 0.12840910402042294 0.1167845866740496
1 0.42820609840458534 0.6193411967884842 0.07224027453733442 0.12714229333702498
1 0.6047990463624678 0.5495863086009615 0.11258118493937666 0.1405830320782579
1 0.7271509105296661 0.5802529225729072 0.08853491327377298 0.09406897748246604
1 0.8695210405871006 0.5878022115909953 0.1424716040204231 0.11768575262089379
1 0.4435266981493182 0.7643626025562952 0.27378248551372286 0.1664212461424885
1 0.21517848283342783 0.7583875030823191 0.1673701444798999 0.13168769586563336
1 0.7366172111359182 0.701286115817647 0.2275771242501614 0.12934274830195705
1 0.16286015540841953 0.6841699506459955 0.32572031081683905 0.3124742257844229
1 0.48223409696871994 0.6621585549003337 0.318303612635615 0.3615730598375791
1 0.7641943281748469 0.6471691147379128 0.30870539010849196 0.2927229302879299