1 0.31875 0.8538409307132568 0.0921875 0.11011055103961845
1 0.4265625 0.8213854734545055 0.190625 0.294132198759889
1 0.7046875 0.7471480257435239 0.153125 0.3006656186759763
1 0.72734375 0.8160523137108877 0.06875 0.12708456348717298
1 0.5734375 0.6582962454498298 0.121875 0.3076726352727158
1 0.565625 0.7537979995990146 0.0421875 0.050071777594401644
1 0.240625 0.5612022222051057 0.13125 0.264633030293694
1 0.3171875 0.4763787815430939 0.1953125 0.1991748962703781
1 0.478125 0.6112301460698853 0.15625 0.19777741701630233
1 0.35 0.6843339141165174 0.1359375 0.20873822780418294
1 0.47421875 0.3140591481444778 0.209375 0.2596154888018452
1 0.40625 0.24640878424238624 0.10625 0.08617614357108563
1 0.19921875 0.4471271441957856 0.134375 0.2023698286340201
1 0.2578125 0.304692113076899 0.1234375 0.2906035344428789
1 0.1765625 0.24228535622842173 0.15625 0.23996491701630235
1 0.159375 0.34645171535662844 0.1109375 0.22715634108157473
1 0.10703125 0.19561034315616715 0.15625 0.2915274170163024
1 0.0515625 0.0835946726153798 0.090625 0.1662421518694554
1 0.18125 0.05748430373891078 0.1984375 0.10253669461070403
1 0.36328125 0.10487155706290308 0.2109375 0.16910888797200824
1 0.5859375 0.23971218881113399 0.165625 0.2500503120372805
1 0.66796875 0.11467814524469275 0.2109375 0.14410888797200821
1 0.7734375 0.5398575892306969 0.2125 0.20672728714217126
1 0.8390625 0.37373660437754386 0.15 0.2082413203356503
1 0.59453125 0.4848946342470306 0.159375 0.1620767153566284
1 0.86953125 0.23620163819572282 0.2453125 0.2404636697155947
1 0.95703125 0.30923824172485215 0.08125 0.12803175684847723
1 0.8625 0.11848134192998923 0.209375 0.1221154888018452
1 0.50625 0.5005327962657337 0.984375 0.9989344074685327