1 0.038170785804594425 0.5791757587355099 0.07634157160918885 0.13852348252898034
1 0.16609682014246602 0.5882244821133884 0.24358667764299252 0.23172335378511838
1 0.3633060964567337 0.5976786801169313 0.16518789109057952 0.17486766867704412
1 0.7458327119519497 0.5960248668893928 0.16154332969062146 0.23954454201316153
1 0.6252816026686199 0.6018607040356853 0.1979168220120126 0.18488916430928928
1 0.6781570120209487 0.6774219440523896 0.042759269009567905 0.07210490973373851
1 0.8036028691186516 0.5364508679293826 0.04066017726908342 0.0587507269134397
1 0.5597401717471868 0.6149453781204741 0.05911712720008424 0.1355530363976211
1 0.6400175876853111 0.562558394551504 0.04363618604050572 0.049740391014933036
1 0.6969421892900319 0.6207133361073124 0.0371536257333613 0.046813178452543625
1 0.711349946968641 0.5613173250840273 0.042151206142887254 0.050375775374335775
1 0.3230445010638991 0.5666066680536562 0.02926360563097994 0.04530260024955712
1 0.41734319075675474 0.5601255467975182 0.04161461440240259 0.037167458194634406
1 0.07080246707102242 0.6203409877289291 0.04586007310482609 0.10335490973373851
1 0.3123104330781457 0.6279817649754482 0.03769626645003159 0.052281928452543626
1 0.09794883403296126 0.5651738687605665 0.06894626645003159 0.05519924126449016
1 0.25653653505677576 0.542628939060237 0.0640080592143308 0.0756365958818023
1 0.022304477309167795 0.5474671507904325 0.030593545323835597 0.04310471589015456