1 0.4611923269216895 0.2197232153859693 0.0530565334984459 0.07354422201622679
1 0.3626071236547018 0.19834795804240873 0.06744867328319834 0.11614902752028353
1 0.4757492865988179 0.2788046477259162 0.07497007485477489 0.111136405960319
1 0.3363636089723934 0.36148118533456114 0.20081344499482007 0.2489420339368648
1 0.5645229580199894 0.5795495525455795 0.07493153349844608 0.07700888164832591
1 0.4657793970189534 0.6392617344220366 0.08227315260503384 0.10143628440035446
1 0.6093132272504118 0.6456476968133916 0.06555653349844608 0.07552402752028353
1 0.6008907593011157 0.7689687280054553 0.060470927212139716 0.09953412476825516
1 0.5641484305173995 0.6897907174536042 0.16519696856846872 0.1502425201767231
1 0.5501394344463408 0.6762692608016645 0.24681945781510156 0.3043088532010632
1 0.3593430365988179 0.2972415864824442 0.2977655277074778 0.33254057521728997