0 0.5266600022633076 0.7366476590938007 0.1393501843053107 0.19953329476707288
0 0.6362994323847467 0.43731729061900654 0.13364017412854548 0.3572646242501614
0 0.5232096121675017 0.3876419798978853 0.05771068068726617 0.09370942195277684
0 0.41160704884766164 0.36885140906189473 0.06954229534115867 0.14168020229738457
0 0.22657479308191042 0.7585226951499637 0.3829983649925768 0.3149756935545687
0 0.45404577510322897 0.566548237109118 0.2575070420617983 0.2909902889597998
0 0.5098752097472239 0.1531553758455564 0.10827060266810484 0.16950082367581526
0 0.7123141350074231 0.18695202329290472 0.03386374491161739 0.08315747109125766
0 0.6896855404799187 0.12980916924057584 0.11697057326946272 0.24661121384811907
0 0.5323190185445084 0.3027190897255815 0.0797494549975255 0.09939124275686151
0 0.6392650593631112 0.2770189958200277 0.19742163387576941 0.15196836700702282
0 0.4263811205352447 0.605499133056789 0.7768324106724197 0.7181819073388759
0 0.6019089015157666 0.19543929918633968 0.34564220714523214 0.39087859837267935