1 0.7364854406509321 0.39379681017697565 0.11611202310146922 0.08932367328319835
1 0.41803982648373406 0.43140824193722943 0.14590098264199228 0.07827916542531543
1 0.8301136920867975 0.42871115757194184 0.08476056356094616 0.1002954065339754
1 0.8375406573707819 0.5728978052145769 0.09902598264199228 0.07609592721213972
1 0.8128754839502339 0.6172492727495882 0.10131900287173075 0.08241870181924557
1 0.7519278466496606 0.6939252427657989 0.08303572252712303 0.07224318114108108
1 0.19713890874283543 0.9137842100914131 0.13476056356094604 0.10262419396136266
1 0.25462666177409576 0.3101968296122858 0.20783280344607685 0.10291960049533806
1 0.16358565025526714 0.14296875 0.3271713005105343 0.2859375
1 0.36445822970644964 0.24852512138289945 0.4616680634971342 0.38669109470436974
1 0.372412803350359 0.48459105397172275 0.13612014447989979 0.12755141935425698
1 0.5511364160816917 0.41421212572612565 0.1766030924696885 0.0750471575674327
1 0.6264712282386784 0.3329385469424094 0.10085228321633828 0.09172092721213972
1 0.6157874131461492 0.6044347113342675 0.4793019941289149 0.4046063407754284
1 0.17722208075942417 0.6963419989665427 0.23628251435865338 0.3995035020669146
1 0.14118307795150534 0.3476861751452251 0.2308644797064497 0.2733776497095498
1 0.5073560330249027 0.8796980386702418 0.3518669074664997 0.21840766749223023
1 0.4255480055520257 0.9526325785788285 0.1076704624122538 0.07028257485477489
1 0.7979911631142433 0.7318404656774937 0.16237826585833054 0.16607026385373888
1 0.8259233669113051 0.560870840160765 0.2001623554562883 0.15695212903138528
1 0.7721794218889649 0.28923343466024704 0.28145294792597664 0.2275600355653607
1 0.9392654371091277 0.29585365405728514 0.12146912578174458 0.18074919396136274
1 0.9372514558551419 0.6525039143963673 0.12549708828971617 0.21683655128112633