1 0.7991435540519902 0.7351542649369345 0.11009458334978746 0.12122227912442866
1 0.6829221814965584 0.7111950509414342 0.23832073533876114 0.3193394488448895
1 0.383346960893079 0.6579218640027277 0.20063147063433054 0.3225275566447124
1 0.36919860306058844 0.7305077371668376 0.09018480394092618 0.1363838816483261
1 0.505039338331477 0.5555126926781216 0.16997345592989993 0.32682930504056706
1 0.5281664952095871 0.6533703263940828 0.050845049027108936 0.0553668192641986
1 0.8363553922415521 0.42709676700456944 0.17349240200131427 0.2831253970126131
1 0.7437167892858574 0.3458442892489274 0.22792245100991249 0.22230188806490725
1 0.5974117157760452 0.49851547433367516 0.18741188728454325 0.21664877017672293
1 0.7412497059854319 0.5636650165410797 0.16904480395326668 0.22671283623263072
1 0.556458946120776 0.19164678511365743 0.2516922304311141 0.2855904071009746
1 0.6166064216010514 0.11657161699734205 0.12026625001234041 0.0968870603164926
1 0.861835196145457 0.30635242342837804 0.16656681375622034 0.2202153605446237
1 0.780259558867084 0.1641939995726474 0.1689039216133919 0.3091080307285742
1 0.8546037745444055 0.11137264605931749 0.19437269611460586 0.22274529211863497
1 0.8884791667180852 0.19901306769619023 0.14690571081903628 0.2422844752245174
1 0.9091059558851657 0.09793007415715625 0.18178808822966844 0.1958601483143125
1 0.95234375 0.00413703832194805 0.0953125 0.0082740766438961
1 0.6404445098152941 0.031944682063817204 0.23780583335595756 0.06388936412763441
1 0.4291416421860201 0.13041183658928235 0.20624549023406757 0.2608236731785647
1 0.3266659068719399 0.04276319444252422 0.23380056374387986 0.08552638888504845
1 0.2802110539964582 0.45043200780705017 0.24669225493232796 0.2306166084769888
1 0.18637970592989997 0.28463470023535853 0.18421205885474348 0.22606259311270166
1 0.45739637261713406 0.3776036144662174 0.18582519610226528 0.17976745939674066
1 0.1436773039470964 0.14591185986745778 0.2722490196429287 0.2644262802650844
1 0.06601882356534423 0.22695799839585468 0.08260117649018776 0.13670900320829063
1 0.1251782353017397 0.048445388474977855 0.23082522060347938 0.09689077694995571