1 0.7583563595513485 0.2724984227732311 0.08842956134875521 0.11725781764492567
1 0.6731437235516287 0.33217615071707396 0.05876975433746878 0.10180176102807863
1 0.9085253637327696 0.6916025962997988 0.0765051139779878 0.1206315147041046
1 0.8432158330360995 0.6747131062280914 0.07198177186568486 0.13403711323369444
1 0.68570395582278 0.698258667997419 0.0881012455733611 0.08946126838013094
1 0.5247359165849275 0.2163260437356461 0.08006920170823655 0.09941341617451523
1 0.41144082009057054 0.21058759190065485 0.12678004382053948 0.0904419025701964
1 0.2510788727198029 0.19835987903758506 0.06175828943848547 0.07589616249848907
1 0.32871039903441907 0.2088327847339147 0.05260283330361002 0.064137535660476
1 0.06884192534903527 0.18383301102807859 0.10446595609029045 0.10968929668855454
1 0.9095233113487552 0.20355824832010225 0.0646637455733611 0.08699788786609171
1 0.9662890548091131 0.22538157644321358 0.06742189038177386 0.13288281764492565
1 0.9345510043374687 0.35108779078273766 0.13089799132506244 0.13698373381944098
1 0.5364388200459855 0.3116385437356461 0.16408819294412869 0.09282081139265932
1 0.886839214542303 0.8227353247935347 0.14599482449491674 0.14644320551101728
1 0.6121823768343465 0.7715038608306788 0.09503557011286308 0.13337549374773375
1 0.28388937267521785 0.28972153418402175 0.14040345609029048 0.11346648014341483
1 0.12269178934931535 0.25812679668855454 0.15441057011286308 0.13961605771663316
1 0.742989442832666 0.37344861615638403 0.1427333595959336 0.11988070551101745
1 0.40173450424829876 0.3136750740704169 0.1052333595959336 0.11593929668855454
1 0.8490939777330497 0.7539900428090849 0.25459842090010376 0.327514826096764
1 0.641130166317417 0.7560383681827312 0.199802148989834 0.28319711433348027
1 0.9198046798091131 0.3008414527313337 0.16039064038177386 0.30334538896587765
1 0.7045450349672614 0.3115703588043316 0.19004344723701241 0.2790867621278645
1 0.5435946884951971 0.25686657204406965 0.19319614022572615 0.2670794382306724
1 0.24112732006827803 0.2366434880453602 0.4528183770795643 0.27123179998791247