1 0.6294952106779856 0.6508584010156004 0.1783081443766667 0.1040187027123185
1 0.407233778497916 0.8668537299920953 0.14571384992374997 0.10800084645604677
1 0.24673072996093676 0.9228195080867827 0.13971842306201393 0.11791113574056666
1 0.3004973884896523 0.634429838452885 0.1986206443766667 0.1073571375376293
1 0.5701760684855204 0.5713118465396676 0.20984908510611114 0.12165475628971993
1 0.38847212680614546 0.527331834451304 0.18641158510611114 0.11780271610666873
1 0.41429497008038185 0.26022936793717993 0.22547408510611114 0.12422278307842056
1 0.20840995241295132 0.14326211164746003 0.14058993882958343 0.0884804384194366
1 0.2614940123490969 0.3896109621050878 0.08492182028847228 0.10423554198011394
1 0.4582722144777078 0.7293737116976325 0.18002003400368077 0.31131759735457826
1 0.470613786000451 0.46868217241311283 0.10621624525034719 0.14976147680542481
1 0.36412870307854134 0.3939315375710777 0.12533122758291687 0.23539880627299575
1 0.37223540985989567 0.21410479426825288 0.14535278685347244 0.22623724109830673
1 0.24904072521128412 0.7898786067473477 0.10879573138263901 0.12683758216316504
1 0.4297504370266315 0.5349077359526563 0.5869000408406257 0.9301845280946874