1 0.8336383744575935 0.4293297789057666 0.269293970028518 0.27351318169855415
1 0.6083840962295379 0.4124693328803799 0.19677512959490712 0.20787747402109957
1 0.14631332318527857 0.404404004691577 0.19202813246962908 0.2867455191936365
1 0.29264151903824154 0.4003835041873739 0.235808235297083 0.21914810979081203
1 0.22703493435407468 0.3071358847613063 0.0502822554666202 0.08659841770069772
1 0.07729062964138982 0.4744540607598773 0.04806564458064799 0.07013753737886681
1 0.3707371247404175 0.38638135232611803 0.07012515523106444 0.1625271331718224
1 0.27454633845384346 0.4474605999803295 0.05172788680495355 0.05874656930985189
1 0.2055317897734267 0.3754159911979237 0.04371033524981467 0.055856516091543365
1 0.18915564260088052 0.4472199353817249 0.049520837841712864 0.060145178344359354
1 0.6569002172002787 0.4525591013177118 0.034979884213055534 0.053693082551403745
1 0.5431794697921768 0.45662887830501847 0.049647976955740705 0.04384818898802116
1 0.9486673436376398 0.3925567625621217 0.03175643086722211 0.1233500186894334
1 0.6689306169647231 0.37717668906489576 0.04425713939685174 0.062106516091543364
1 0.921050900093751 0.459711411573386 0.07095634043361088 0.06552644703379293
1 0.7372814928364362 0.48343240688180905 0.07620020650337941 0.08996371832111638