1 0.57421875 0.31328125 0.084375 0.10703125
1 0.5515625 0.634375 0.07109375 0.13828125
1 0.53515625 0.22421875 0.096875 0.0734375
1 0.39140625 0.23359375 0.07109375 0.090625
1 0.3484375 0.26328125 0.078125 0.0921875
1 0.275 0.3328125 0.06796875 0.07421875
1 0.08203125 0.91015625 0.09609375 0.1234375
1 0.6796875 0.7828125 0.09375 0.19609375
1 0.85703125 0.853125 0.2859375 0.29375
1 0.7359375 0.66640625 0.3671875 0.41875
1 0.50078125 0.6859375 0.12109375 0.12109375
1 0.5625 0.5 0.0671875 0.16796875
1 0.63984375 0.415625 0.08828125 0.090625
1 0.3703125 0.4578125 0.384375 0.43359375
1 0.29921875 0.9046875 0.38984375 0.18984375
1 0.64765625 0.9 0.2640625 0.2
1 0.1015625 0.59765625 0.20234375 0.328125
1 0.0328125 0.6875 0.065625 0.10078125
1 0.23515625 0.29140625 0.15859375 0.14453125
1 0.40390625 0.24375 0.1484375 0.1828125
1 0.6765625 0.265625 0.215625 0.25625
1 0.66171875 0.0890625 0.17578125 0.1234375
1 0.30546875 0.09765625 0.20703125 0.19296875