2 0.103125 0.61015625 0.20546875 0.4234375
2 0.51015625 0.7046875 0.23828125 0.5515625
2 0.30859375 0.45625 0.1921875 0.36484375
2 0.80546875 0.5109375 0.38828125 0.68203125
2 0.90390625 0.715625 0.1703125 0.196875
2 0.6453125 0.640625 0.1515625 0.29140625
2 0.75703125 0.58984375 0.14921875 0.18671875
2 0.97578125 0.53828125 0.04765625 0.18125
2 0.3828125 0.20234375 0.575 0.33046875
2 0.77734375 0.4421875 0.28203125 0.16484375
2 0.92890625 0.353125 0.1421875 0.21171875
2 0.32890625 0.4953125 0.65703125 0.990625